14.1946 -4.47226 2.65124
14.2341 -4.49 2.63702
14.2331 -4.50374 2.63259
14.2792 -4.51564 2.63451
14.2914 -4.48629 2.6364
14.2969 -4.48937 2.61906
14.317 -4.50695 2.64043
14.325 -4.49741 2.63759
14.3587 -4.5259 2.63504
14.3442 -4.49562 2.64318
14.3825 -4.49841 2.61548
14.4042 -4.50657 2.62491
14.4348 -4.49694 2.63301
14.4414 -4.49786 2.6224
14.466 -4.49986 2.63028
14.483 -4.507 2.62157
14.4929 -4.49043 2.61074
14.4931 -4.50906 2.63988
14.5265 -4.4923 2.63093
14.5504 -4.50632 2.60711
14.5716 -4.49506 2.63329
14.5847 -4.51455 2.61108
14.5925 -4.49993 2.61161
14.6082 -4.49069 2.61358
14.6331 -4.5019 2.61967
14.6579 -4.50036 2.61382
14.6955 -4.49605 2.61206
14.7114 -4.50822 2.60262
14.7092 -4.49829 2.5979
14.7512 -4.50413 2.61683
14.77 -4.51787 2.59376
14.7817 -4.49188 2.60924
14.7869 -4.51445 2.60679
14.8017 -4.51929 2.60776
14.8408 -4.49828 2.59475
14.8621 -4.51762 2.56644
14.8793 -4.48943 2.61034
14.8892 -4.50424 2.59007
14.9033 -4.51414 2.57206
14.9318 -4.49106 2.58278
14.9524 -4.492 2.57744
14.9735 -4.4812 2.5955
14.9785 -4.49823 2.59711
14.9983 -4.47855 2.5908
14.9942 -4.50503 2.59049
15.0354 -4.49736 2.59763
15.0468 -4.49403 2.5758
15.0785 -4.49666 2.57231
15.1049 -4.50785 2.58573
15.098 -4.50668 2.59045
15.1261 -4.51917 2.57961
15.1401 -4.51153 2.56781
15.1811 -4.49701 2.58784
15.1854 -4.5074 2.57063
15.2104 -4.49173 2.57145
15.2208 -4.51381 2.5688
15.2381 -4.51757 2.57628
15.2719 -4.51366 2.59043
15.276 -4.49948 2.56367
15.2917 -4.49154 2.57163
15.3211 -4.47597 2.56405
15.341 -4.50453 2.55885
15.3397 -4.48735 2.5728
15.3671 -4.49046 2.5676
15.3828 -4.4949 2.55893
15.3986 -4.49382 2.57236
15.422 -4.50068 2.57056
15.4402 -4.49837 2.53175
15.4676 -4.50111 2.55363
15.4873 -4.48896 2.55826
15.485 -4.49744 2.5549
15.526 -4.48973 2.54569
15.5355 -4.50082 2.55436
15.558 -4.53373 2.56632
15.5735 -4.48557 2.53802
15.5892 -4.48925 2.55393
15.6175 -4.49884 2.56089
15.6274 -4.49831 2.55714
15.6634 -4.5024 2.552
15.6543 -4.49251 2.53666
15.6853 -4.52051 2.52911
15.7134 -4.50243 2.542
15.7031 -4.51513 2.54619
15.7466 -4.50144 2.54288
15.7648 -4.49656 2.5514
15.7749 -4.51888 2.54314
15.8025 -4.47165 2.52003
15.8042 -4.49631 2.53478
15.8317 -4.4989 2.52671
15.864 -4.50476 2.52619
15.865 -4.50825 2.52676
15.8871 -4.5006 2.53444
15.9183 -4.49291 2.53024
15.9225 -4.50959 2.52535
15.9572 -4.50932 2.53191
15.9746 -4.49121 2.51114
15.9841 -4.49579 2.52186
15.9929 -4.50853 2.53121
16.0256 -4.48383 2.52941
16.0335 -4.51693 2.51034
16.0556 -4.49555 2.53345
16.0646 -4.50542 2.50807
16.0797 -4.49087 2.519
16.1001 -4.48407 2.50254
16.1246 -4.4991 2.50722
16.1499 -4.49509 2.49866
16.1575 -4.49268 2.52099
16.1826 -4.49778 2.51917
16.1998 -4.49439 2.51405
16.2044 -4.50355 2.5179
16.2465 -4.50388 2.50508
16.2631 -4.50566 2.49835
16.2682 -4.509 2.48952
16.2991 -4.5096 2.49756
16.3145 -4.48722 2.50327
16.3502 -4.49096 2.49336
16.3643 -4.48656 2.50277
16.3789 -4.52129 2.49245
16.3951 -4.50212 2.49091
16.4118 -4.50709 2.47879
16.423 -4.50482 2.49092
16.4703 -4.50477 2.48678
16.4356 -4.5003 2.49047
16.4988 -4.49286 2.49828
16.5045 -4.50378 2.50162
16.531 -4.50589 2.49268
16.5301 -4.50729 2.49151
16.5538 -4.49757 2.48074
16.573 -4.48318 2.47556
16.5839 -4.48871 2.47838
16.6073 -4.50243 2.47003
16.6155 -4.48733 2.48365
16.6548 -4.50622 2.47952
16.6681 -4.4933 2.46566
16.695 -4.51879 2.46988
16.6994 -4.5056 2.47663
16.7533 -4.49949 2.46073
16.7328 -4.49272 2.467
16.7747 -4.50282 2.47049
16.7755 -4.49657 2.45829
16.8226 -4.50108 2.46961
16.8237 -4.49813 2.47065
16.8195 -4.49962 2.48839
16.853 -4.49764 2.46353
16.8615 -4.49754 2.4566
16.8898 -4.49324 2.46909
16.906 -4.50474 2.44923
16.9491 -4.50545 2.45603
16.9506 -4.49913 2.45585
16.96 -4.49782 2.44601
16.9751 -4.51657 2.45156
16.9852 -4.49705 2.44696
17.0295 -4.51245 2.45674
17.0285 -4.51129 2.44188
17.0658 -4.49043 2.45313
17.0895 -4.49241 2.46167
17.1035 -4.49469 2.42882
17.1304 -4.49956 2.44651
17.1336 -4.51225 2.45527
17.1507 -4.50925 2.43776
17.1819 -4.50453 2.44818
17.1818 -4.50605 2.44635
17.2021 -4.49517 2.44627
17.221 -4.49974 2.43015
17.2352 -4.4871 2.44418
17.2764 -4.50233 2.43904
17.2714 -4.48688 2.43593
17.3071 -4.48273 2.42964
17.3111 -4.50849 2.43486
17.34 -4.4943 2.43063
17.3501 -4.50321 2.43641
17.37 -4.50935 2.43334
17.3941 -4.50941 2.41846
17.4156 -4.50403 2.41691
17.4357 -4.49317 2.4165
17.4448 -4.51196 2.41914
17.4532 -4.49281 2.43467
17.5018 -4.50682 2.42428
17.5104 -4.50552 2.41879
17.5554 -4.51063 2.41635
17.5549 -4.49947 2.42098
17.5783 -4.49745 2.41885
17.5816 -4.47345 2.40671
17.5993 -4.49416 2.41111
17.6403 -4.495 2.40775
17.6257 -4.49546 2.4158
17.6321 -4.49888 2.4234
17.6641 -4.49765 2.39421
17.6969 -4.50862 2.41137
17.7217 -4.51021 2.3929
17.7306 -4.49353 2.41187
17.7182 -4.50308 2.37704
17.7441 -4.49591 2.40069
17.7745 -4.49368 2.38772
17.802 -4.50014 2.39763
17.8204 -4.50333 2.40064
17.8472 -4.51334 2.40101
17.8509 -4.49601 2.39162
17.8711 -4.49217 2.39244
17.886 -4.4925 2.38403
17.9136 -4.50789 2.40241
17.9356 -4.50712 2.40206
17.9528 -4.49358 2.37809
17.9676 -4.47916 2.38624
17.9682 -4.50433 2.40043
18.0012 -4.49996 2.37327
18.0224 -4.48067 2.38658
18.0583 -4.49407 2.36677
18.0724 -4.50994 2.37359
18.0836 -4.49859 2.37737
18.0958 -4.51366 2.37815
18.1073 -4.50051 2.36889
18.142 -4.49659 2.3772
18.1764 -4.48824 2.36543
18.1819 -4.47664 2.39478
18.1846 -4.49256 2.38271
18.2037 -4.49309 2.38267
18.2091 -4.51368 2.38241
18.2606 -4.50706 2.37661
18.2659 -4.50762 2.3633
18.2812 -4.47727 2.36062
18.3171 -4.50374 2.36425
18.3183 -4.50401 2.37018
18.3439 -4.50611 2.3614
18.3587 -4.50194 2.36599
18.3747 -4.50406 2.33329
18.3961 -4.50178 2.36023
18.4095 -4.4971 2.35556
18.4365 -4.48434 2.34269
18.4475 -4.49807 2.32789
18.4857 -4.4929 2.35572
18.5018 -4.5051 2.35267
18.5104 -4.52206 2.34569
18.5263 -4.48877 2.35409
18.5344 -4.50006 2.34262
18.5312 -4.5012 2.36245
18.57 -4.50909 2.36081
18.6009 -4.49998 2.35455
18.6154 -4.51218 2.34648
18.6274 -4.49015 2.34357
18.6622 -4.49925 2.33163
18.6555 -4.51036 2.35851
18.704 -4.50296 2.335
18.715 -4.51371 2.33667
18.7456 -4.51438 2.34867
18.7569 -4.50579 2.33741
18.777 -4.49556 2.32898
18.7853 -4.50927 2.34061
18.7896 -4.49245 2.33457
18.8323 -4.48963 2.33454
18.8688 -4.50383 2.32222
18.8686 -4.49945 2.33093
18.8813 -4.49153 2.33379
18.9037 -4.49373 2.33505
18.9083 -4.48422 2.32833
18.9421 -4.50037 2.32939
18.9518 -4.48553 2.3257
18.9885 -4.49761 2.32117
18.9993 -4.50089 2.30782
18.9897 -4.4938 2.31991
19.0331 -4.49611 2.32977
19.0515 -4.50144 2.31444
19.0581 -4.49508 2.31587
19.097 -4.50795 2.29974
19.1056 -4.48697 2.30499
19.1269 -4.49832 2.32548
19.1422 -4.48632 2.30697
19.1501 -4.51361 2.29713
19.1926 -4.4865 2.31775
19.1984 -4.51323 2.29939
19.2183 -4.48876 2.30014
19.2227 -4.4879 2.30486
19.2535 -4.50716 2.30084
19.2712 -4.50096 2.28914
19.3015 -4.52909 2.32241
19.3089 -4.49647 2.28621
19.3241 -4.47743 2.29815
19.3524 -4.49712 2.31143
19.3482 -4.51031 2.28106
19.3555 -4.4999 2.28804
19.409 -4.50371 2.28802
19.4064 -4.48486 2.27432
19.4203 -4.48176 2.26571
19.4556 -4.50885 2.29892
19.4835 -4.51468 2.27878
19.4984 -4.52044 2.28852
19.511 -4.49054 2.26475
19.5227 -4.50225 2.29399
19.5388 -4.50708 2.28197
19.5551 -4.49141 2.28498
19.5905 -4.50686 2.25636
19.612 -4.50513 2.28508
19.6192 -4.49948 2.27459
19.6295 -4.50212 2.27267
19.6537 -4.50848 2.27599
19.6925 -4.51726 2.25976
19.7072 -4.51424 2.27149
19.7117 -4.52688 2.26622
19.7377 -4.50869 2.28757
19.7546 -4.4873 2.28951
19.78 -4.50362 2.27606
19.7863 -4.49832 2.26272
19.7999 -4.49555 2.25444
19.8204 -4.49374 2.26617
19.8184 -4.50145 2.28677
19.8813 -4.52123 2.26371
19.8657 -4.49236 2.26104
19.8868 -4.50318 2.2624
19.9154 -4.50153 2.25434
19.9346 -4.4955 2.26136
19.9652 -4.48311 2.25533
19.9627 -4.49952 2.254
19.9752 -4.49648 2.25279
20.0071 -4.4986 2.2508
20.0274 -4.50479 2.23725
20.0527 -4.49005 2.24569
20.0753 -4.49466 2.24381
20.0739 -4.52056 2.25459
20.1037 -4.50651 2.24499
20.1281 -4.50741 2.24371
20.1256 -4.50554 2.24134
20.1743 -4.4979 2.22515
20.1826 -4.5045 2.24566
20.2036 -4.50394 2.24255
20.2097 -4.49252 2.22821
20.2114 -4.49408 2.23681
20.2483 -4.49892 2.24367
20.2892 -4.49092 2.23995
20.3042 -4.50538 2.23343
20.2897 -4.51365 2.23886
20.3311 -4.50016 2.22073
20.3305 -4.51794 2.24285
20.3527 -4.49532 2.21926
20.3869 -4.52415 2.22059
20.4162 -4.50188 2.25585
20.397 -4.50382 2.2209
20.4396 -4.50784 2.22353
20.4343 -4.49299 2.23245
20.4903 -4.48113 2.23025
20.5131 -4.49539 2.21714
20.5059 -4.49026 2.22712
20.5281 -4.48203 2.21875
20.5535 -4.52066 2.22262
20.5717 -4.50748 2.20179
20.5769 -4.49672 2.23368
20.6019 -4.49699 2.22153
20.6259 -4.49583 2.20453
20.6207 -4.46717 2.20478
20.65 -4.48581 2.20289
20.6767 -4.51667 2.19807
20.6749 -4.50285 2.20252
20.7251 -4.50863 2.19909
20.7319 -4.50089 2.21305
20.7419 -4.51815 2.19002
20.7764 -4.51137 2.19218
20.779 -4.49124 2.19876
20.8217 -4.49476 2.20803
20.8211 -4.4916 2.20505
20.8408 -4.49144 2.19299
20.8745 -4.4886 2.19992
20.8677 -4.49828 2.18452
20.8957 -4.49738 2.20894
20.947 -4.50246 2.19795
20.9301 -4.50779 2.17063
20.9404 -4.49828 2.1944
20.9758 -4.49077 2.20609
21.0015 -4.50459 2.17877
21.0016 -4.50597 2.18498
21.0277 -4.50118 2.19305
21.0685 -4.48646 2.19323
21.0761 -4.49481 2.1501
21.0893 -4.51206 2.19115
21.1155 -4.49147 2.17044
21.111 -4.49908 2.18407
21.1462 -4.49219 2.17024
21.1505 -4.48826 2.17357
21.1789 -4.47945 2.18018
21.195 -4.50601 2.17386
21.2382 -4.51079 2.17137
21.2373 -4.48192 2.15629
21.2601 -4.50361 2.16756
21.288 -4.50465 2.16676
21.2603 -4.50962 2.16788
21.3098 -4.5031 2.16627
21.3309 -4.5073 2.17273
21.3614 -4.48563 2.16175
21.3474 -4.50788 2.15486
21.3978 -4.49923 2.16781
21.3958 -4.48418 2.1839
21.3983 -4.48583 2.15416
21.4364 -4.50121 2.15989
21.4667 -4.50452 2.14681
21.4827 -4.4988 2.1649
21.4941 -4.51409 2.15377
21.5053 -4.49388 2.16255
21.5487 -4.50041 2.14592
21.5594 -4.50294 2.13846
21.5585 -4.49231 2.15809
21.5914 -4.50756 2.15187
21.6149 -4.49861 2.1383
21.6365 -4.51869 2.14533
21.6621 -4.49148 2.16715
21.6677 -4.47928 2.12912
21.6869 -4.50118 2.14021
21.7 -4.48327 2.15144
21.7209 -4.48126 2.15126
21.7518 -4.50585 2.14825
21.7598 -4.47934 2.14311
21.7744 -4.51205 2.13689
21.7853 -4.48798 2.1468
21.8097 -4.50793 2.13843
21.8259 -4.49822 2.14214
21.8475 -4.50866 2.12571
21.8578 -4.51356 2.12657
21.8785 -4.50063 2.12811
21.8904 -4.47812 2.1225
21.9252 -4.49596 2.1137
21.934 -4.48604 2.10788
21.9662 -4.50378 2.10268
21.9669 -4.48949 2.13431
21.9977 -4.50666 2.11943
22.007 -4.49812 2.10433
22.0476 -4.50424 2.12818
22.0451 -4.50932 2.1259
22.0575 -4.49315 2.10109
22.0868 -4.48859 2.14267
22.1298 -4.50195 2.11588
22.1516 -4.4971 2.12836
22.1293 -4.49144 2.10644
22.1574 -4.4909 2.1096
22.1795 -4.51614 2.1091
22.1899 -4.50796 2.10206
22.2124 -4.5051 2.11573
22.2417 -4.49183 2.1102
22.2584 -4.50932 2.11762
22.2764 -4.49132 2.11328
22.284 -4.48203 2.097
22.3036 -4.49438 2.09855
22.329 -4.5119 2.10566
22.3491 -4.49351 2.10022
22.3505 -4.50175 2.09617
22.3902 -4.50334 2.09
22.4097 -4.50307 2.09031
22.4158 -4.49291 2.10086
22.4596 -4.49003 2.08242
22.459 -4.50738 2.11386
22.481 -4.49082 2.09738
22.495 -4.48109 2.09941
22.5002 -4.48969 2.09585
22.535 -4.52194 2.08933
22.5498 -4.49228 2.10874
22.5813 -4.50246 2.07992
22.5893 -4.50567 2.08006
22.6019 -4.50553 2.0785
22.6375 -4.50185 2.08322
22.6448 -4.49125 2.08434
22.652 -4.51062 2.07214
22.6657 -4.49502 2.07269
22.7002 -4.49659 2.07867
22.7327 -4.50317 2.06571
22.7508 -4.49223 2.08848
22.7682 -4.4856 2.0654
22.7749 -4.50959 2.06746
22.7961 -4.50254 2.07458
22.8205 -4.4848 2.07527
22.8293 -4.49853 2.06746
22.8442 -4.49566 2.06035
22.838 -4.49445 2.06091
22.8893 -4.50198 2.06838
22.9085 -4.4983 2.05599
22.9087 -4.49766 2.0553
22.9259 -4.50746 2.0438
22.9647 -4.509 2.05248
22.9881 -4.52881 2.05319
22.9945 -4.50836 2.05396
23.0387 -4.50525 2.05818
23.0455 -4.49594 2.06103
23.0469 -4.50278 2.06052
23.0885 -4.49878 2.03311
23.0895 -4.51046 2.04497
23.0909 -4.50472 2.05508
23.1222 -4.51737 2.06235
23.1338 -4.50246 2.06325
23.1721 -4.49996 2.04932
23.1729 -4.5212 2.06186
23.2003 -4.49445 2.05816
23.1969 -4.50357 2.03347
23.2552 -4.49117 2.03444
23.2634 -4.48329 2.06092
23.2671 -4.47985 2.06229
23.2993 -4.5078 2.04302
23.3206 -4.50727 2.04125
23.3388 -4.50729 2.0229
23.3543 -4.50534 2.03057
23.3466 -4.50375 2.04439
23.3737 -4.4942 2.03308
23.4031 -4.49555 2.04481
23.4135 -4.52975 2.04989
23.4434 -4.50316 2.02518
23.4501 -4.49443 2.03248
23.4637 -4.48813 2.032
23.5002 -4.49484 2.0234
23.5263 -4.48913 2.02759
23.5305 -4.50148 2.02497
23.5563 -4.49977 2.0212
23.574 -4.50624 2.02956
23.5855 -4.48271 2.01781
23.614 -4.49767 2.04151
23.6029 -4.4992 2.02655
23.65 -4.49813 2.01367
23.6725 -4.50313 2.02674
23.6881 -4.50095 2.01548
23.6955 -4.50587 2.01744
23.7133 -4.5093 2.01152
23.746 -4.50531 2.03877
23.7633 -4.50849 2.01193
23.7886 -4.50193 2.00162
23.7742 -4.50784 2.00442
23.8073 -4.48185 2.0036
23.8356 -4.50712 1.99232
23.8542 -4.49789 1.9979
23.8525 -4.48385 2.00972
23.8739 -4.48522 2.0026
23.906 -4.50112 1.97997
23.9376 -4.48772 2.00642
23.9323 -4.50375 2.00844
23.9651 -4.49744 1.99339
23.9729 -4.4978 2.00813
24.0023 -4.49923 2.00291
24.0175 -4.51091 1.9827
24.0545 -4.50214 1.98039
24.0801 -4.49193 2.00225
24.0749 -4.49166 1.98718
24.1121 -4.50563 1.99743
24.1226 -4.5008 2.00282
24.1472 -4.52445 1.97495
24.1671 -4.48779 1.98162
24.1728 -4.50749 1.98752
24.1895 -4.48496 1.98224
24.2154 -4.50892 1.98661
24.2242 -4.4825 1.97415
24.255 -4.51796 1.9857
24.2389 -4.50789 1.99283
24.2664 -4.49833 1.96367
24.3009 -4.51733 1.98611
24.2978 -4.48988 1.9877
24.3489 -4.51533 1.96216
24.3554 -4.48689 1.98652
24.383 -4.49386 1.9596
24.3801 -4.47764 1.97797
24.4065 -4.50183 1.9807
24.4381 -4.49675 1.97346
24.4403 -4.50696 1.98728
24.4543 -4.50802 1.97127
24.48 -4.50174 1.94814
24.4952 -4.48596 1.96932
24.5341 -4.49152 1.9689
24.5467 -4.50363 1.96089
24.5535 -4.5 1.93761
24.5776 -4.50924 1.9717
24.5936 -4.49301 1.96075
24.5902 -4.50374 1.9543
24.6364 -4.51679 1.94943
24.6562 -4.49937 1.95833
24.6563 -4.50576 1.95709
24.7182 -4.49826 1.94415
24.6981 -4.50521 1.96445
24.7094 -4.51351 1.95226
24.7109 -4.50146 1.95958
24.7577 -4.5072 1.94307
24.7665 -4.50268 1.94622
24.8103 -4.49901 1.94318
24.8138 -4.51195 1.93393
24.8202 -4.50216 1.94517
24.8365 -4.50879 1.96464
24.8734 -4.48798 1.93301
24.9083 -4.50088 1.94468
24.9191 -4.50923 1.93126
24.9348 -4.52725 1.93359
24.9507 -4.50464 1.92689
24.9322 -4.50802 1.9475
24.98 -4.48345 1.9355
24.9797 -4.51469 1.93155
25.0116 -4.51393 1.93097
25.0451 -4.49368 1.91001
25.0585 -4.48908 1.93734
25.0732 -4.49717 1.92596
25.115 -4.49614 1.91011
25.1283 -4.50661 1.9295
25.14 -4.49832 1.91235
25.1473 -4.498 1.90755
25.1809 -4.50645 1.92141
25.2036 -4.49054 1.92491
25.1854 -4.49794 1.90362
25.2216 -4.50909 1.90934
25.2457 -4.51193 1.92144
25.2555 -4.50089 1.90631
25.2765 -4.50107 1.90741
25.3109 -4.50023 1.91095
25.3246 -4.50886 1.92026
25.3474 -4.49541 1.89982
25.3508 -4.50228 1.89887
25.3756 -4.51033 1.90162
25.4004 -4.51713 1.91089
25.4068 -4.47104 1.88707
25.4323 -4.46199 1.92229
25.4387 -4.49904 1.9006
25.4661 -4.50312 1.89885
25.4703 -4.48108 1.91248
25.5074 -4.47853 1.89727
25.5316 -4.48889 1.89963
25.5609 -4.49871 1.9102
25.5602 -4.51301 1.88694
25.5815 -4.49469 1.91421
25.6062 -4.51813 1.89416
25.6208 -4.49194 1.91059
25.6461 -4.49348 1.91322
25.6463 -4.49584 1.88534
25.6487 -4.50341 1.90137
25.684 -4.51195 1.87423
25.7192 -4.49221 1.88198
25.7263 -4.49243 1.90839
25.7673 -4.51731 1.88689
25.7612 -4.49015 1.8953
25.7672 -4.49928 1.87272
25.8015 -4.50323 1.89085
25.8265 -4.49328 1.89753
25.8394 -4.50021 1.88018
25.8626 -4.49822 1.88195
25.8854 -4.49766 1.88358
25.8987 -4.51351 1.87129
25.8956 -4.50096 1.89519
25.9217 -4.51603 1.88407
25.9447 -4.50991 1.88557
25.9599 -4.50224 1.87265
25.9734 -4.48956 1.86922
26.0028 -4.51301 1.87075
26.0196 -4.51386 1.88226
26.0594 -4.50796 1.87554
26.0698 -4.5059 1.86709
26.0794 -4.49214 1.87412
26.0886 -4.49568 1.86724
26.0923 -4.49587 1.86698
26.1403 -4.48426 1.86969
26.1518 -4.49328 1.86258
26.1596 -4.50156 1.85124
26.1994 -4.50618 1.84735
26.2087 -4.49505 1.84082
26.2361 -4.5056 1.86188
26.2479 -4.50766 1.88663
26.2714 -4.5011 1.85617
26.2867 -4.49486 1.85439
26.2945 -4.49812 1.85691
26.2998 -4.49653 1.87311
26.3341 -4.48382 1.84466
26.3623 -4.48415 1.82992
26.3883 -4.51938 1.84603
26.3801 -4.50529 1.8643
26.4049 -4.50038 1.83971
26.4298 -4.49926 1.83413
26.4455 -4.50025 1.84267
26.4723 -4.49922 1.82584
26.4904 -4.50393 1.86472
26.4933 -4.50372 1.82679
26.5082 -4.49823 1.84376
26.5335 -4.5049 1.85239
26.5679 -4.50109 1.85184
26.5713 -4.49804 1.85171
26.5903 -4.48291 1.8147
26.6135 -4.48952 1.83948
26.6329 -4.48992 1.84748
26.6565 -4.51207 1.82187
26.672 -4.5048 1.84484
26.6888 -4.47723 1.8126
26.7037 -4.50205 1.82778
26.723 -4.50132 1.82833
26.752 -4.50492 1.81323
26.7613 -4.49797 1.81642
26.7834 -4.48617 1.80904
26.798 -4.49405 1.82728
26.8127 -4.50914 1.81668
26.8496 -4.48898 1.8351
26.8541 -4.50778 1.82948
26.8719 -4.51765 1.82069
26.8996 -4.49902 1.8098
26.9141 -4.50168 1.79716
26.9427 -4.50061 1.81731
26.9586 -4.4948 1.8238
26.9626 -4.51767 1.81336
26.9979 -4.50266 1.79785
27.0087 -4.50134 1.81188
27.0355 -4.4913 1.81144
27.0309 -4.51601 1.80748
27.0771 -4.51752 1.81826
27.07 -4.50062 1.81381
27.1158 -4.5022 1.79296
27.1203 -4.49428 1.82338
27.14 -4.51856 1.80388
27.1507 -4.50804 1.8023
27.1766 -4.51658 1.81749
27.1808 -4.4922 1.78337
27.2077 -4.47944 1.78874
27.2354 -4.49392 1.79594
27.2654 -4.4965 1.80102
27.2697 -4.49737 1.79783
27.2766 -4.4975 1.79707
27.3124 -4.51716 1.78827
27.3252 -4.51034 1.80046
27.3257 -4.5068 1.78103
27.3633 -4.49971 1.78831
27.381 -4.50634 1.76052
27.3934 -4.49883 1.78299
27.4158 -4.5042 1.81238
27.4353 -4.51837 1.79126
27.4635 -4.4991 1.80045
27.4896 -4.48944 1.78639
27.4994 -4.49724 1.77822
27.5211 -4.51653 1.7858
27.5127 -4.4882 1.78169
27.5495 -4.49757 1.76894
27.5805 -4.4913 1.76841
27.5911 -4.51352 1.78077
27.5966 -4.49098 1.75607
27.6139 -4.50703 1.76908
27.6336 -4.50646 1.76755
27.6412 -4.50681 1.77978
27.6699 -4.50674 1.78152
27.6923 -4.52027 1.77764
27.7144 -4.5001 1.78661
27.7337 -4.49013 1.76334
27.7496 -4.52364 1.77591
27.7714 -4.50738 1.75718
27.8033 -4.48509 1.74512
27.8025 -4.49818 1.77675
27.8435 -4.50956 1.7677
27.8584 -4.49116 1.77216
27.8579 -4.499 1.7672
27.8704 -4.51225 1.75284
27.908 -4.50203 1.75802
27.9108 -4.48534 1.76859
27.9457 -4.48862 1.7534
27.9642 -4.4877 1.73507
27.9642 -4.51137 1.75725
27.9832 -4.48835 1.76153
28.0164 -4.50283 1.74387
28.0313 -4.48661 1.752
28.055 -4.49795 1.74696
28.0623 -4.5197 1.75025
28.0704 -4.49159 1.74709
28.1002 -4.51244 1.75863
28.111 -4.4597 1.74957
28.1393 -4.50127 1.74318
28.1659 -4.4867 1.75351
28.1647 -4.50431 1.74909
28.1936 -4.50336 1.73471
28.219 -4.51986 1.75715
28.2321 -4.49054 1.72145
28.2476 -4.48095 1.73755
28.253 -4.50818 1.71238
28.2741 -4.49938 1.7414
28.3065 -4.49048 1.72501
28.3287 -4.49744 1.72461
28.3408 -4.51794 1.74244
28.3823 -4.50228 1.7273
28.4089 -4.51304 1.74481
28.3802 -4.49748 1.72688
28.4063 -4.49077 1.73416
28.4337 -4.49963 1.73073
28.4607 -4.52393 1.71546
28.471 -4.48395 1.71842
28.4918 -4.50802 1.71588
28.512 -4.50278 1.72371
28.5205 -4.50446 1.71413
28.545 -4.49144 1.72024
28.5684 -4.48707 1.71317
28.5769 -4.50107 1.72845
28.5999 -4.52217 1.71829
28.6378 -4.50588 1.72212
28.639 -4.50117 1.69377
28.6698 -4.50044 1.70901
28.6999 -4.49337 1.70443
28.6965 -4.51512 1.70363
28.7092 -4.49534 1.7021
28.7301 -4.50068 1.70843
28.7432 -4.50648 1.7077
28.7547 -4.49339 1.70431
28.7778 -4.5006 1.70118
28.8145 -4.49465 1.70057
28.8147 -4.49585 1.71539
28.8483 -4.50744 1.69188
28.8742 -4.50529 1.70544
28.8986 -4.49204 1.6808
28.9174 -4.51149 1.70116
28.9178 -4.49029 1.69894
28.9402 -4.49868 1.70668
28.9598 -4.49754 1.69215
28.9547 -4.51273 1.68496
29.0049 -4.50602 1.69408
29.0242 -4.51974 1.69502
29.0269 -4.50293 1.70545
29.0412 -4.49517 1.71395
29.075 -4.50172 1.69495
29.0768 -4.49106 1.70583
29.1051 -4.51565 1.68776
29.1399 -4.51213 1.685
29.1406 -4.49239 1.67925
29.1608 -4.48226 1.68096
29.1813 -4.514 1.67002
29.2149 -4.5069 1.67476
29.2253 -4.50514 1.68729
29.2365 -4.50968 1.674
29.2571 -4.49756 1.67668
29.2802 -4.4963 1.69009
29.2859 -4.47966 1.6763
29.3085 -4.49777 1.67827
29.3233 -4.51772 1.68102
29.3277 -4.49651 1.66558
29.3729 -4.49652 1.679
29.3889 -4.49218 1.66152
29.387 -4.51276 1.66782
29.4153 -4.48405 1.686
29.4286 -4.51816 1.6627
29.4567 -4.49908 1.67485
29.4645 -4.49683 1.64826
29.5069 -4.50388 1.65577
29.5167 -4.48485 1.65554
29.5396 -4.51689 1.66072
29.5607 -4.50541 1.64717
29.5509 -4.5085 1.65189
29.5975 -4.47779 1.65635
29.6135 -4.50063 1.66321
29.6459 -4.497 1.66282
29.6458 -4.48389 1.6552
29.6398 -4.50986 1.65617
29.6953 -4.50342 1.67217
29.6896 -4.50969 1.62931
29.7194 -4.49757 1.65424
29.7209 -4.50164 1.66117
29.7494 -4.51619 1.64554
29.7603 -4.47801 1.64523
29.8006 -4.50239 1.65012
29.8174 -4.4966 1.65433
29.8265 -4.47666 1.64668
29.8268 -4.52192 1.6337
29.8639 -4.49337 1.64901
29.8817 -4.49023 1.64508
29.888 -4.51781 1.62762
29.9211 -4.50275 1.64738
29.9243 -4.49207 1.6509
29.942 -4.48883 1.63305
29.9726 -4.49949 1.6372
29.976 -4.49898 1.63632
30.0235 -4.49156 1.63953
30.0342 -4.50545 1.64396
30.0557 -4.49601 1.63617
30.0661 -4.5031 1.61545
30.0847 -4.50011 1.6346
30.0826 -4.50782 1.62449
30.1133 -4.50577 1.62067
30.1509 -4.49567 1.63778
30.1574 -4.51586 1.61415
30.1872 -4.51155 1.64035
30.1995 -4.49374 1.61974
30.204 -4.50226 1.62372
30.2478 -4.49425 1.62183
30.2751 -4.4922 1.62492
30.2722 -4.48806 1.60772
30.2888 -4.4949 1.60552
30.3116 -4.49288 1.61033
30.3183 -4.49633 1.60709
30.3364 -4.48254 1.61375
30.3578 -4.50597 1.60241
30.386 -4.49606 1.5967
30.4102 -4.50391 1.60561
30.4314 -4.50117 1.60456
30.4438 -4.49534 1.58688
30.4738 -4.50488 1.60868
30.4713 -4.49792 1.61649
30.4946 -4.52314 1.60565
30.5035 -4.51686 1.61228
30.5444 -4.50186 1.59301
30.541 -4.50397 1.61366
30.5844 -4.50335 1.58985
30.5907 -4.51101 1.58015
30.6269 -4.49842 1.59723
30.6207 -4.51015 1.6065
30.6474 -4.50767 1.61478
30.6624 -4.50744 1.59988
30.6859 -4.49573 1.583
30.7016 -4.49144 1.58687
30.7214 -4.4956 1.57658
30.733 -4.49975 1.59569
30.7603 -4.51017 1.58548
30.7772 -4.48842 1.5911
30.8008 -4.51179 1.60072
30.8289 -4.49395 1.58364
30.8276 -4.50299 1.59989
30.849 -4.50207 1.57722
30.8588 -4.48721 1.59153
30.8916 -4.50313 1.58381
30.9036 -4.49925 1.59147
30.9233 -4.50401 1.59202
30.9484 -4.47957 1.58118
30.9706 -4.49364 1.58052
30.9853 -4.50122 1.55571
30.9991 -4.49016 1.57314
31.0293 -4.49893 1.59895
31.0315 -4.49147 1.5726
31.0697 -4.5033 1.57808
31.0781 -4.50935 1.56483
31.0792 -4.5095 1.57287
31.1179 -4.50023 1.5769
31.1324 -4.49471 1.55273
31.1403 -4.49452 1.56418
31.1675 -4.52051 1.56109
31.1827 -4.51827 1.57372
31.2074 -4.5081 1.56834
31.2243 -4.48641 1.54879
31.2427 -4.49732 1.57784
31.2403 -4.51126 1.56269
31.2775 -4.50867 1.56667
31.3082 -4.49205 1.5463
31.3061 -4.49498 1.56922
31.3209 -4.50789 1.54672
31.3378 -4.51319 1.5793
31.3684 -4.50282 1.55003
31.3942 -4.49098 1.5474
31.4045 -4.5124 1.54831
31.414 -4.49423 1.55505
31.428 -4.5175 1.55312
31.4651 -4.49153 1.55074
31.4837 -4.49684 1.5403
31.5028 -4.49076 1.53907
31.5056 -4.49891 1.54065
31.5504 -4.5133 1.54364
31.5749 -4.49855 1.53929
31.5622 -4.49127 1.5276
31.6046 -4.4991 1.56064
31.6235 -4.50369 1.5324
31.6304 -4.49459 1.53953
31.6389 -4.50473 1.53056
31.662 -4.50648 1.5369
31.676 -4.50075 1.54026
31.7035 -4.4941 1.53753
31.7292 -4.4992 1.53614
31.7371 -4.48662 1.54121
31.7667 -4.50455 1.53207
31.7674 -4.49738 1.53974
31.8094 -4.50938 1.52707
31.8148 -4.51102 1.52568
31.83 -4.50118 1.52421
31.8568 -4.50862 1.53528
31.8852 -4.48238 1.51836
31.9034 -4.50138 1.52502
31.904 -4.50731 1.52794
31.929 -4.50293 1.53244
31.941 -4.51305 1.51935
31.9644 -4.49999 1.5355
31.9877 -4.50159 1.51201
32.014 -4.49166 1.51045
32.0239 -4.52127 1.49693
32.0585 -4.48637 1.5002
32.0642 -4.50953 1.51731
32.0622 -4.50581 1.50646
32.083 -4.48267 1.51627
32.1042 -4.52147 1.52107
32.1269 -4.48797 1.51468
32.1565 -4.49994 1.49851
32.1664 -4.50525 1.51305
32.176 -4.48046 1.50098
32.2225 -4.49406 1.50497
32.2374 -4.48738 1.5172
32.2157 -4.49654 1.50078
32.2388 -4.50351 1.51012
32.2842 -4.48953 1.51485
32.2833 -4.50589 1.49828
32.3186 -4.48772 1.48876
32.3524 -4.4862 1.50563
32.3529 -4.49032 1.49278
32.36 -4.4768 1.51384
32.3824 -4.50704 1.50242
32.407 -4.49791 1.49056
32.416 -4.47703 1.47374
32.4448 -4.50591 1.47676
32.4563 -4.49653 1.51434
32.4915 -4.50211 1.50536
32.5001 -4.49402 1.50694
32.5303 -4.49837 1.48272
32.5434 -4.49935 1.48439
32.5609 -4.48822 1.48547
32.5588 -4.49774 1.48109
32.592 -4.51586 1.46336
32.6157 -4.4925 1.49378
32.6336 -4.49984 1.48988
32.6643 -4.50659 1.48585
32.6688 -4.5105 1.47803
32.681 -4.49486 1.46494
32.7084 -4.50203 1.47807
32.7298 -4.52092 1.49229
32.744 -4.49575 1.47688
32.7638 -4.5144 1.47758
32.7667 -4.50745 1.45819
32.7955 -4.51432 1.47406
32.8134 -4.50019 1.46865
32.8234 -4.49805 1.46977
32.8501 -4.50807 1.45637
32.8824 -4.49443 1.45552
32.8711 -4.50605 1.4502
32.906 -4.4938 1.45636
32.9305 -4.50843 1.484
32.9356 -4.51848 1.47154
32.9613 -4.52763 1.48218
32.9916 -4.51691 1.46136
32.994 -4.48518 1.46367
33.0294 -4.50926 1.45005
33.0233 -4.50665 1.44695
33.0482 -4.50859 1.44548
33.0582 -4.50275 1.46167
33.0982 -4.50467 1.46667
33.1167 -4.50802 1.48167
33.1251 -4.5008 1.4564
33.1344 -4.49882 1.43648
33.1711 -4.50083 1.44656
33.1973 -4.502 1.44427
33.2035 -4.49854 1.44832
33.2268 -4.5129 1.46956
33.2493 -4.48816 1.46242
33.2545 -4.51442 1.46561
33.281 -4.49137 1.43689
33.2954 -4.49861 1.42858
33.3321 -4.5017 1.45205
33.3332 -4.49 1.44196
33.3504 -4.48449 1.45404
33.3761 -4.52056 1.43865
33.3978 -4.50205 1.44493
33.424 -4.50235 1.43946
33.4198 -4.49797 1.4165
33.4332 -4.49794 1.44469
33.468 -4.49713 1.42824
33.5019 -4.48756 1.43378
33.5085 -4.50067 1.44103
33.505 -4.50185 1.42777
33.5377 -4.51328 1.43317
33.5506 -4.49861 1.42671
33.5745 -4.48683 1.42963
33.6051 -4.49532 1.4312
33.6115 -4.50621 1.41139
33.6377 -4.49965 1.41272
33.6558 -4.50115 1.42161
33.6757 -4.50455 1.41577
33.6918 -4.50286 1.42581
33.7141 -4.50489 1.42635
33.7125 -4.49387 1.4234
33.7304 -4.49573 1.42316
33.7559 -4.49757 1.41586
33.7822 -4.50135 1.43488
33.8057 -4.51264 1.43241
33.8181 -4.49854 1.42464
33.842 -4.49248 1.41393
33.8525 -4.50506 1.41003
33.8618 -4.48795 1.41292
33.8865 -4.49382 1.40003
33.918 -4.50849 1.40128
33.94 -4.50584 1.41371
33.9663 -4.50638 1.39342
33.9557 -4.50259 1.38501
33.9969 -4.50345 1.40538
33.9858 -4.51102 1.40775
34.0206 -4.49695 1.40456
34.0428 -4.50236 1.39958
34.0594 -4.49107 1.40069
34.0689 -4.48162 1.39812
34.0943 -4.49453 1.40851
34.129 -4.48354 1.39163
34.1419 -4.48773 1.39524
34.1485 -4.49276 1.40113
34.1624 -4.5027 1.40499
34.2103 -4.50249 1.4022
34.2144 -4.50876 1.39452
34.2232 -4.49593 1.37888
34.2448 -4.49176 1.38592
34.2526 -4.49701 1.41135
34.2636 -4.51973 1.40431
34.3074 -4.49619 1.37088
34.3251 -4.49091 1.39247
34.3386 -4.50368 1.41742
34.3675 -4.48635 1.39744
34.3934 -4.50846 1.38542
34.3948 -4.48639 1.37096
34.4199 -4.4983 1.38006
34.4289 -4.48516 1.39212
34.4368 -4.50054 1.39503
34.4677 -4.5031 1.36017
34.4786 -4.49686 1.37819
34.4989 -4.52055 1.37175
34.5334 -4.49536 1.37324
34.5374 -4.49311 1.38359
34.5663 -4.49896 1.37335
34.5696 -4.49943 1.37273
34.5881 -4.49342 1.37318
34.6112 -4.48547 1.37576
34.6282 -4.49597 1.38589
34.6635 -4.48021 1.36083
34.6845 -4.51647 1.38553
34.6984 -4.50128 1.36404
34.7075 -4.48782 1.3694
34.7156 -4.496 1.36024
34.7459 -4.5146 1.36119
34.7813 -4.49334 1.36939
34.7923 -4.49196 1.35348
34.7978 -4.51062 1.36441
34.8217 -4.51147 1.34888
34.8624 -4.51223 1.35923
34.8555 -4.48433 1.35742
34.8732 -4.50249 1.3613
34.8959 -4.49613 1.35928
34.9109 -4.49506 1.36503
34.9469 -4.4917 1.34943
34.9726 -4.51205 1.35235
34.9622 -4.48762 1.35077
34.9966 -4.50461 1.35205
35.013 -4.48577 1.33435
35.033 -4.50247 1.34153
35.0534 -4.49703 1.35944
35.0574 -4.49277 1.34875
35.0662 -4.50397 1.35203
35.1001 -4.49201 1.34485
35.1059 -4.47851 1.32324
35.1209 -4.49333 1.30733
35.1579 -4.4877 1.34528
35.1581 -4.49039 1.34435
35.1881 -4.49256 1.37128
35.2195 -4.51403 1.32663
35.2027 -4.49331 1.35167
35.2671 -4.49557 1.3279
35.2616 -4.48861 1.34653
35.2849 -4.49769 1.34551
35.2923 -4.50161 1.33385
35.3458 -4.4988 1.32101
35.3454 -4.49057 1.32568
35.3491 -4.52195 1.34065
35.3813 -4.4876 1.33689
35.409 -4.50067 1.32675
35.4151 -4.5022 1.33832
35.4246 -4.51415 1.32724
35.4531 -4.49534 1.32234
35.4779 -4.49923 1.30632
35.5033 -4.49347 1.31479
35.5045 -4.47761 1.31061
35.5043 -4.51729 1.33273
35.5407 -4.48779 1.33021
35.5628 -4.50135 1.31414
35.5936 -4.4967 1.32665
35.5998 -4.49935 1.3237
35.6133 -4.50082 1.31823
35.622 -4.50768 1.33203
35.6473 -4.47724 1.33759
35.6934 -4.48962 1.33412
35.6892 -4.49922 1.31171
35.7466 -4.49846 1.31685
35.7507 -4.51743 1.32005
35.7559 -4.50597 1.30757
35.7689 -4.50919 1.33022
35.7878 -4.49762 1.30789
35.7936 -4.49617 1.32646
35.8267 -4.4988 1.30015
35.8443 -4.49893 1.31438
35.8716 -4.50607 1.30861
35.8669 -4.50412 1.30704
35.8991 -4.50149 1.32828
35.9238 -4.49546 1.31322
35.927 -4.50128 1.29647
35.9572 -4.50347 1.28874
35.9775 -4.49119 1.29926
35.9962 -4.50198 1.2949
36.009 -4.4976 1.30152
36.0437 -4.50099 1.29477
36.0465 -4.5037 1.30396
36.0595 -4.50661 1.28075
36.083 -4.50259 1.2943
36.0946 -4.51214 1.2832
36.1107 -4.49685 1.3029
36.127 -4.50985 1.29841
36.137 -4.51336 1.28973
36.1808 -4.51257 1.28037
36.2035 -4.51616 1.28637
36.2155 -4.494 1.2867
36.2483 -4.47031 1.28595
36.2652 -4.48986 1.27989
36.2801 -4.50379 1.27349
36.2906 -4.47904 1.27869
36.3145 -4.49068 1.29686
36.3425 -4.50619 1.28874
36.3488 -4.51009 1.28619
36.3528 -4.48867 1.26395
36.3815 -4.46705 1.27826
36.4122 -4.50755 1.28626
36.417 -4.49319 1.26446
36.4391 -4.50585 1.2744
36.442 -4.49744 1.29282
36.4811 -4.52061 1.28056
36.4844 -4.49107 1.2633
36.5088 -4.49284 1.27759
36.5258 -4.51051 1.25809
36.5625 -4.49351 1.27297
36.5758 -4.50205 1.26247
36.5929 -4.49483 1.276
36.5992 -4.50486 1.27888
36.6109 -4.50716 1.27428
36.6313 -4.49068 1.27943
36.67 -4.49057 1.26895
36.6725 -4.48129 1.27264
36.7068 -4.49805 1.25194
36.7286 -4.49563 1.26116
36.7505 -4.50587 1.25933
36.7555 -4.50301 1.26614
36.7828 -4.49876 1.26309
36.7904 -4.48011 1.24376
36.785 -4.50487 1.24913
36.8056 -4.49416 1.24312
36.84 -4.48072 1.25559
36.8559 -4.50526 1.26314
36.8832 -4.49787 1.24677
36.9083 -4.50172 1.27231
36.9311 -4.5034 1.24177
36.9176 -4.51193 1.25962
36.9679 -4.49083 1.25352
36.986 -4.5069 1.26331
37.0048 -4.49234 1.26496
36.9917 -4.49447 1.24073
37.0355 -4.49527 1.23937
37.0435 -4.50211 1.24198
37.0589 -4.49794 1.23031
37.0845 -4.49737 1.23815
37.0967 -4.49487 1.2506
37.1187 -4.50485 1.23709
37.1349 -4.50827 1.23772
37.17 -4.51277 1.24307
37.1647 -4.48576 1.217
37.1907 -4.50075 1.23659
37.2221 -4.49506 1.22145
37.2478 -4.48761 1.21546
37.2573 -4.4999 1.22841
37.2778 -4.50534 1.23779
37.2972 -4.50937 1.23384
37.3228 -4.49933 1.23923
37.3221 -4.49806 1.22185
37.3457 -4.49353 1.22508
37.375 -4.50204 1.22239
37.3759 -4.51559 1.21965
37.4136 -4.51027 1.22667
37.416 -4.51031 1.22425
37.4603 -4.51632 1.21362
37.436 -4.49202 1.22904
37.4667 -4.48142 1.2087
37.4735 -4.50023 1.216
37.5138 -4.48801 1.21897
37.5354 -4.47493 1.20901
37.5694 -4.50163 1.22265
37.5601 -4.50945 1.20509
37.5841 -4.50369 1.21575
37.6035 -4.50797 1.21681
37.6283 -4.52286 1.21904
37.6334 -4.4924 1.20058
37.6475 -4.4944 1.21617
37.6756 -4.47716 1.22169
37.6958 -4.50851 1.19604
37.7174 -4.48589 1.2004
37.73 -4.48474 1.21636
37.779 -4.46389 1.21026
37.7698 -4.48795 1.20675
37.7976 -4.48972 1.19233
37.8178 -4.50732 1.20071
37.8393 -4.48464 1.19956
37.8595 -4.49765 1.18403
37.8762 -4.49878 1.19354
37.9053 -4.50299 1.19826
37.8979 -4.5007 1.2039
37.9218 -4.49778 1.20345
37.947 -4.50603 1.21442
37.9511 -4.50618 1.1874
37.9807 -4.49133 1.20634
37.9978 -4.47091 1.19438
38.0018 -4.5077 1.18254
38.0336 -4.51083 1.18519
38.0851 -4.50197 1.19996
38.0713 -4.50234 1.20164
38.0731 -4.50141 1.19547
38.1036 -4.50038 1.19487
38.1137 -4.49049 1.18447
38.1554 -4.4999 1.19858
38.148 -4.49695 1.17209
38.1778 -4.48655 1.18379
38.2124 -4.48987 1.17183
38.2137 -4.48879 1.18236
38.2439 -4.49857 1.17558
38.2603 -4.49511 1.18472
38.2652 -4.49373 1.17544
38.2812 -4.50994 1.17399
38.2962 -4.48653 1.17137
38.3371 -4.4918 1.16106
38.3448 -4.50171 1.16542
38.373 -4.4921 1.18576
38.4033 -4.48525 1.17835
38.3969 -4.52255 1.17646
38.4235 -4.5033 1.15969
38.4368 -4.49408 1.14041
38.4384 -4.49318 1.17111
38.4727 -4.51116 1.17932
38.4923 -4.48133 1.1589
38.5352 -4.5154 1.17244
38.5404 -4.51772 1.16939
38.5543 -4.49037 1.1836
38.5743 -4.48416 1.15801
38.5813 -4.51197 1.15426
38.6098 -4.50461 1.14499
38.6302 -4.49197 1.13902
38.6376 -4.50803 1.16698
38.653 -4.49182 1.15743
38.7009 -4.50295 1.15399
38.7007 -4.50852 1.14798
38.7284 -4.49946 1.15127
38.7183 -4.5046 1.16034
38.7673 -4.49628 1.15542
38.7808 -4.49333 1.17101
38.7938 -4.50965 1.14117
38.8203 -4.50064 1.15407
38.8271 -4.49584 1.14379
38.8382 -4.49753 1.15065
38.8713 -4.50833 1.14672
38.8917 -4.50508 1.15305
38.9124 -4.50078 1.13744
38.9401 -4.51053 1.13731
38.9373 -4.49461 1.1284
38.9744 -4.50531 1.16937
38.9729 -4.51326 1.13839
38.9907 -4.48968 1.14006
39.0129 -4.48116 1.14809
39.0363 -4.49334 1.12784
39.0551 -4.50339 1.14354
39.0771 -4.49627 1.13218
39.0989 -4.48843 1.12694
39.1095 -4.48998 1.13678
39.1551 -4.51494 1.11997
39.1496 -4.50802 1.13105
39.167 -4.51476 1.15796
39.1848 -4.49628 1.13067
39.2083 -4.5004 1.12628
39.2259 -4.4887 1.1193
39.2238 -4.49711 1.12813
39.2608 -4.49724 1.12663
39.2823 -4.50083 1.13301
39.2842 -4.49381 1.12146
39.3157 -4.51046 1.11559
39.3364 -4.5111 1.10571
39.3645 -4.49486 1.13542
39.3703 -4.49862 1.11963
39.3829 -4.50763 1.12042
39.4137 -4.48025 1.13171
39.4367 -4.48913 1.12059
39.4533 -4.49197 1.11389
39.4913 -4.49179 1.11054
39.4809 -4.50572 1.10212
39.4962 -4.50129 1.12179
39.5097 -4.5174 1.12172
39.545 -4.51772 1.10677
39.5538 -4.50153 1.12198
39.5873 -4.49359 1.11282
39.5988 -4.50502 1.10431
39.6163 -4.4984 1.10749
39.6211 -4.49052 1.11588
39.6464 -4.49953 1.11323
39.6775 -4.50337 1.10156
39.6842 -4.50118 1.10721
39.7248 -4.51048 1.09624
39.7116 -4.50483 1.08396
39.7426 -4.50934 1.12899
39.7543 -4.49412 1.10852
39.7803 -4.51477 1.10641
39.79 -4.51298 1.0958
39.8194 -4.48824 1.09956
39.8295 -4.49644 1.0938
39.8444 -4.49719 1.09626
39.8714 -4.51312 1.08138
39.8827 -4.48386 1.07902
39.8993 -4.50903 1.09961
39.9078 -4.48787 1.10328
39.9511 -4.50633 1.09206
39.9726 -4.51334 1.08084
39.9697 -4.49172 1.08405
39.9871 -4.50507 1.08172
40.0107 -4.50396 1.06654
40.0423 -4.49271 1.09908
40.0461 -4.51253 1.08899
40.0658 -4.51561 1.07669
40.097 -4.51579 1.07045
40.1142 -4.48606 1.08425
40.1007 -4.49689 1.08611
40.1302 -4.47648 1.07955
40.1715 -4.50099 1.0906
40.1873 -4.48934 1.07723
40.2138 -4.51279 1.07898
40.2324 -4.48774 1.06644
40.2388 -4.49713 1.07282
40.2763 -4.49661 1.06382
40.2653 -4.50079 1.07824
40.3038 -4.50471 1.06635
40.3094 -4.49997 1.07598
40.3361 -4.50385 1.09431
40.3543 -4.50241 1.0496
40.3693 -4.51558 1.06354
40.3904 -4.4853 1.051
40.4081 -4.50949 1.05738
40.4337 -4.48855 1.05639
40.4472 -4.47268 1.0595
40.4792 -4.50963 1.07704
40.5018 -4.50547 1.06828
40.5067 -4.48528 1.06727
40.5246 -4.50715 1.07169
40.5498 -4.50071 1.06536
40.5539 -4.50034 1.0777
40.5463 -4.4968 1.06473
40.5875 -4.50062 1.06044
40.6256 -4.49087 1.05307
40.632 -4.49813 1.06989
40.6566 -4.51556 1.04582
40.6818 -4.50477 1.0547
40.6679 -4.49691 1.03721
40.7083 -4.49165 1.05514
40.727 -4.49348 1.0464
40.7473 -4.494 1.05104
40.7543 -4.50697 1.05003
40.7723 -4.48832 1.04699
40.8162 -4.48571 1.0406
40.7966 -4.5125 1.05048
40.8519 -4.49826 1.06082
40.8567 -4.48292 1.0582
40.8823 -4.47731 1.03277
40.8904 -4.49992 1.06325
40.9042 -4.50392 1.0515
40.9346 -4.50339 1.0393
40.9407 -4.50209 1.02771
40.9413 -4.49137 1.03986
40.9796 -4.50274 1.04084
40.9989 -4.5096 1.03506
41.0286 -4.49717 1.03711
41.0424 -4.50563 1.03653
41.0612 -4.48205 1.04261
41.0631 -4.48309 1.03845
41.0946 -4.4956 1.03545
41.1127 -4.5134 1.04035
41.1236 -4.49501 1.03818
41.157 -4.50184 1.00832
41.1776 -4.49316 1.03025
41.1863 -4.48742 1.03333
41.2052 -4.49867 1.0225
41.2117 -4.49482 1.02575
41.227 -4.49467 1.02184
41.2495 -4.49695 1.02454
41.296 -4.4954 1.01684
41.3068 -4.51198 1.02985
41.3217 -4.50853 1.01087
41.3298 -4.49231 1.01732
41.3607 -4.51554 1.01477
41.3631 -4.49487 1.02243
41.3865 -4.4934 0.99471
41.424 -4.49172 1.02267
41.4384 -4.49128 1.02965
41.4472 -4.51136 1.02207
41.4567 -4.51817 0.995341
41.4993 -4.50566 1.01719
41.5054 -4.50689 1.0295
41.5278 -4.50817 1.02234
41.5442 -4.5036 1.02164
41.5495 -4.50681 0.998201
41.5836 -4.50239 1.00684
41.6059 -4.49463 1.00021
41.6209 -4.50957 1.00911
41.6425 -4.51211 1.01222
41.6518 -4.50262 0.98762
41.6923 -4.49245 1.00439
41.6781 -4.50009 1.02325
41.7041 -4.49212 1.02363
41.7255 -4.49933 1.00289
41.7443 -4.50184 1.01374
41.7696 -4.50356 1.02628
41.7849 -4.49015 1.00606
41.7966 -4.49704 0.997245
41.7957 -4.50559 0.992425
41.8457 -4.4944 0.988204
41.8548 -4.50557 0.989108
41.8563 -4.50617 0.973838
41.8916 -4.48868 1.01884
41.9095 -4.49613 0.994064
41.9234 -4.49507 0.978109
41.9618 -4.49037 0.995874
41.9419 -4.51517 0.986985
41.9854 -4.50759 0.983201
42.0068 -4.48193 0.986828
42.0289 -4.50767 0.989637
42.0465 -4.50474 0.996946
42.0691 -4.48637 0.99595
42.0746 -4.5058 0.985199
42.0892 -4.50935 0.978736
42.1042 -4.4988 0.981767
42.1298 -4.49618 0.992119
42.169 -4.47923 0.974945
42.1784 -4.50103 0.987919
42.203 -4.50186 0.966282
42.1838 -4.49998 0.978221
42.2235 -4.48953 0.974738
42.2434 -4.49416 0.979884
42.2596 -4.50032 0.96751
42.2876 -4.498 0.97258
42.3069 -4.49311 0.97904
42.314 -4.49708 0.987266
42.3385 -4.53101 0.988815
42.3585 -4.49181 0.973449
42.3861 -4.48802 0.97785
42.385 -4.49517 0.955679
42.4232 -4.50532 0.961167
42.425 -4.49475 0.954334
42.4492 -4.50528 0.959056
42.4652 -4.49981 0.955374
42.4966 -4.51753 0.96159
42.5198 -4.4905 0.951734
42.5189 -4.51408 0.964015
42.562 -4.50782 0.969993
42.5398 -4.50018 0.966085
42.575 -4.53445 0.949416
42.6024 -4.50819 0.941107
42.6038 -4.50018 0.959834
42.6333 -4.49189 0.975018
42.6528 -4.48717 0.964259
42.6838 -4.50531 0.95402
42.7192 -4.49499 0.965356
42.7117 -4.50083 0.955592
42.7351 -4.50227 0.945382
42.765 -4.4968 0.944446
42.7647 -4.50768 0.959438
42.7955 -4.5087 0.947327
42.7983 -4.49123 0.951214
42.8252 -4.51525 0.935995
42.8446 -4.51679 0.945424
42.8788 -4.50402 0.951653
42.9035 -4.51162 0.949487
42.906 -4.47808 0.945347
42.9064 -4.5009 0.954236
42.9254 -4.5099 0.939639
42.9409 -4.49096 0.947036
42.9747 -4.49449 0.96223
42.9855 -4.49512 0.946602
43.0116 -4.50478 0.923167
43.0086 -4.49379 0.921388
43.0481 -4.49134 0.933981
43.0739 -4.49716 0.935854
43.0775 -4.48634 0.91691
43.1131 -4.49931 0.940398
43.1195 -4.50296 0.929906
43.1374 -4.49884 0.935369
43.1396 -4.48934 0.949695
43.1736 -4.49144 0.936366
43.1966 -4.48585 0.913883
43.1955 -4.49658 0.939013
43.2227 -4.50173 0.9312
43.2392 -4.49899 0.93882
43.2711 -4.50008 0.925954
43.2808 -4.4947 0.914006
43.2918 -4.51698 0.921794
43.331 -4.48879 0.93441
43.35 -4.50846 0.915802
43.3592 -4.4953 0.919955
43.3844 -4.48291 0.950223
43.4087 -4.48438 0.92187
43.4179 -4.50227 0.923296
43.4434 -4.49572 0.914178
43.4463 -4.50077 0.911601
43.4608 -4.50953 0.910952
43.4829 -4.48572 0.899424
43.5194 -4.51074 0.919198
43.527 -4.502 0.912182
43.5447 -4.50759 0.9109
43.5665 -4.50305 0.912221
43.5848 -4.4978 0.903266
43.5992 -4.45848 0.90304
43.6381 -4.47067 0.904305
43.6307 -4.49544 0.913031
43.6541 -4.50905 0.917887
43.6796 -4.49098 0.913964
43.6965 -4.49745 0.90917
43.7035 -4.5066 0.904582
43.7343 -4.49452 0.903418
43.7447 -4.51541 0.894662
43.7821 -4.50585 0.909863
43.7809 -4.49801 0.91284
43.7981 -4.50219 0.904083
43.8245 -4.51766 0.906862
43.8516 -4.49935 0.893418
43.8653 -4.49821 0.889532
43.8908 -4.50587 0.912571
43.8937 -4.49989 0.892287
43.9159 -4.53042 0.917034
43.9256 -4.52367 0.897929
43.9605 -4.49678 0.911549
43.9716 -4.51086 0.895998
43.9918 -4.50372 0.897064
44.0058 -4.49454 0.885404
44.0363 -4.49459 0.896534
44.0512 -4.5025 0.903453
44.0763 -4.49707 0.879212
44.0703 -4.47626 0.912419
44.0936 -4.50918 0.876822
44.1344 -4.48937 0.884006
44.1619 -4.48688 0.886191
44.1468 -4.50568 0.882533
44.1744 -4.52395 0.880906
44.1802 -4.49644 0.900993
44.2327 -4.50473 0.88943
44.2297 -4.48755 0.898683
44.2518 -4.50363 0.896273
44.258 -4.50753 0.888609
44.291 -4.50717 0.874438
44.3154 -4.50832 0.879645
44.3262 -4.49524 0.882626
44.3438 -4.51043 0.890299
44.3722 -4.50977 0.866062
44.3778 -4.47552 0.888839
44.405 -4.48619 0.870715
44.4006 -4.50863 0.885619
44.4464 -4.50023 0.869717
44.4644 -4.50209 0.857122
44.4901 -4.4964 0.872528
44.4703 -4.4869 0.868815
44.504 -4.50539 0.865647
44.5022 -4.49199 0.861643
44.5512 -4.49994 0.879444
44.5724 -4.5057 0.884828
44.5763 -4.48015 0.864002
44.602 -4.51674 0.842808
44.6349 -4.50655 0.865975
44.641 -4.48186 0.867709
44.6681 -4.48579 0.852625
44.6839 -4.49428 0.84985
44.6913 -4.50542 0.845792
44.7176 -4.49281 0.868896
44.7354 -4.5096 0.859798
44.7576 -4.51926 0.839811
44.7678 -4.49745 0.866547
44.7959 -4.48745 0.85486
44.8075 -4.49525 0.846073
44.8248 -4.49558 0.867134
44.8538 -4.50319 0.850013
44.8518 -4.52303 0.851873
44.8809 -4.50586 0.856449
44.906 -4.5141 0.864829
44.9234 -4.49564 0.851418
44.9325 -4.49204 0.838373
44.9387 -4.49975 0.847245
44.9778 -4.49681 0.833101
44.9978 -4.51135 0.861542
45.0236 -4.47934 0.831759
45.0212 -4.4981 0.847051
45.0455 -4.51119 0.835499
45.0723 -4.48977 0.842255
45.0936 -4.47922 0.823934
45.0986 -4.49511 0.838621
45.1209 -4.49452 0.842281
45.1465 -4.50551 0.847968
45.1649 -4.49391 0.843838
45.1878 -4.49957 0.849407
45.1979 -4.49481 0.82431
45.2269 -4.50488 0.829339
45.226 -4.50753 0.830491
45.2591 -4.50737 0.823492
45.2735 -4.51366 0.813887
45.285 -4.50216 0.824648
45.3139 -4.51858 0.830754
45.3412 -4.49551 0.827272
45.3424 -4.49605 0.822032
45.3735 -4.53665 0.80843
45.3827 -4.50076 0.814909
45.4122 -4.49871 0.824926
45.4175 -4.50524 0.822329
45.4165 -4.48623 0.814764
45.4622 -4.50004 0.826429
45.4751 -4.50565 0.82351
45.5107 -4.50249 0.825274
45.5216 -4.49737 0.81506
45.5339 -4.51234 0.816861
45.529 -4.50201 0.83088
45.5585 -4.49079 0.833256
45.5831 -4.49413 0.805055
45.6053 -4.5182 0.805495
45.6476 -4.49986 0.808357
45.6421 -4.49789 0.811274
45.666 -4.49333 0.826519
45.6832 -4.5038 0.83205
45.7252 -4.50938 0.817281
45.7246 -4.51362 0.816851
45.7199 -4.49385 0.806318
45.7591 -4.49133 0.805963
45.7801 -4.49621 0.812101
45.7969 -4.50243 0.795027
45.8116 -4.49357 0.796227
45.8299 -4.50538 0.787751
45.8608 -4.50418 0.805001
45.8676 -4.4991 0.792692
45.8735 -4.49557 0.80285
45.9044 -4.49117 0.806305
45.9183 -4.49718 0.788621
45.9339 -4.51001 0.795442
45.9393 -4.51232 0.809078
45.9912 -4.49485 0.787512
45.9931 -4.49753 0.78006
46.0167 -4.50699 0.794833
46.0301 -4.50147 0.770337
46.046 -4.49673 0.788253
46.0683 -4.49594 0.807757
46.0776 -4.50403 0.796681
46.1094 -4.5096 0.801854
46.139 -4.49314 0.800696
46.1414 -4.50374 0.788971
46.1583 -4.50599 0.805446
46.2 -4.52051 0.773464
46.209 -4.49272 0.786645
46.2219 -4.50098 0.778354
46.2577 -4.48156 0.8011
46.2669 -4.49763 0.800457
46.2669 -4.49612 0.785656
46.2865 -4.50676 0.799246
46.3046 -4.51665 0.783339
46.3348 -4.50418 0.778319
46.3373 -4.49525 0.78202
46.3765 -4.51078 0.77444
46.3763 -4.4905 0.792458
46.4129 -4.49428 0.758786
46.4185 -4.50139 0.781706
46.4344 -4.50551 0.767731
46.452 -4.48357 0.77899
46.4845 -4.52254 0.773935
46.5147 -4.49915 0.780294
46.5116 -4.51127 0.777342
46.5336 -4.50075 0.758458
46.5495 -4.49582 0.769941
46.5751 -4.49666 0.758594
46.6012 -4.49514 0.762348
46.6121 -4.52006 0.770451
46.6347 -4.50842 0.75708
46.6405 -4.5031 0.786483
46.6559 -4.51883 0.759593
46.6879 -4.48567 0.753918
46.6961 -4.51193 0.759798
46.7094 -4.50771 0.771871
46.7219 -4.50346 0.768769
46.7535 -4.49025 0.766314
46.7767 -4.51799 0.749199
46.8175 -4.50005 0.755836
46.82 -4.52188 0.758151
46.825 -4.51166 0.752112
46.8483 -4.50223 0.758818
46.8491 -4.49507 0.75087
46.8945 -4.49676 0.767379
46.905 -4.49386 0.748932
46.9115 -4.48707 0.766577
46.9365 -4.51187 0.757836
46.9474 -4.50123 0.759297
46.9868 -4.50086 0.735826
47.0011 -4.49215 0.752268
47.0139 -4.49015 0.742519
47.0399 -4.47715 0.745741
47.0459 -4.50671 0.759451
47.0711 -4.49969 0.74787
47.0949 -4.4872 0.726817
47.105 -4.49799 0.743041
47.1268 -4.50078 0.723167
47.1542 -4.49483 0.737836
47.188 -4.50574 0.74292
47.1716 -4.48953 0.744799
47.197 -4.49946 0.760527
47.2206 -4.49904 0.730421
47.2351 -4.50139 0.734709
47.2534 -4.50189 0.72492
47.2658 -4.49112 0.746241
47.2983 -4.51002 0.729396
47.3143 -4.49943 0.739447
47.3362 -4.49627 0.747429
47.3528 -4.47879 0.729631
47.3686 -4.52443 0.7225
47.3838 -4.50725 0.728415
47.411 -4.49103 0.719466
47.4253 -4.49892 0.724279
47.4351 -4.49049 0.724306
47.4715 -4.48967 0.744617
47.485 -4.49882 0.733511
47.4989 -4.47967 0.751312
47.519 -4.51288 0.71771
47.5383 -4.50644 0.739201
47.5508 -4.50475 0.726245
47.5705 -4.48872 0.725771
47.5998 -4.50252 0.725146
47.6157 -4.48887 0.732565
47.6452 -4.49774 0.732339
47.6647 -4.50115 0.748912
47.6692 -4.49997 0.724439
47.6982 -4.50457 0.704171
47.7136 -4.50248 0.701147
47.7099 -4.49356 0.716416
47.7408 -4.5094 0.725349
47.7546 -4.48003 0.718006
47.7701 -4.50597 0.716695
47.7997 -4.50385 0.70269
47.8036 -4.49231 0.732502
47.8362 -4.50324 0.696633
47.8497 -4.49549 0.696843
47.8737 -4.52792 0.713509
47.8863 -4.49947 0.725078
47.9089 -4.49191 0.719077
47.9339 -4.48609 0.698246
47.9462 -4.49911 0.698916
47.9739 -4.50388 0.706031
47.9924 -4.49107 0.710007
47.9885 -4.49345 0.713518
48.0132 -4.48641 0.712872
48.0195 -4.50074 0.692128
48.0645 -4.50633 0.691679
48.0777 -4.50372 0.696263
48.1038 -4.50034 0.70488
48.1154 -4.50481 0.714559
48.1341 -4.51093 0.702642
48.1532 -4.50435 0.694384
48.1771 -4.49936 0.690362
48.1922 -4.51672 0.695123
48.1822 -4.50303 0.689249
48.2386 -4.51374 0.700615
48.2514 -4.49711 0.708312
48.2561 -4.49657 0.699696
48.2737 -4.50594 0.677842
48.2712 -4.4802 0.690362
48.3275 -4.50826 0.687707
48.3459 -4.49385 0.684786
48.3699 -4.49207 0.705703
48.3881 -4.49615 0.692705
48.3926 -4.47833 0.691263
48.4118 -4.50139 0.696849
48.4323 -4.51891 0.680703
48.4542 -4.50777 0.691657
48.464 -4.50225 0.695145
48.4738 -4.50737 0.684341
48.508 -4.50424 0.68021
48.5247 -4.5102 0.700489
48.5323 -4.49484 0.685503
48.5621 -4.52486 0.692178
48.5706 -4.50377 0.6822
48.5916 -4.49067 0.668055
48.6174 -4.50155 0.674094
48.6434 -4.50036 0.674697
48.6641 -4.51013 0.66793
48.6715 -4.5007 0.666724
48.6928 -4.49041 0.659429
48.7166 -4.48436 0.67904
48.7266 -4.50324 0.678865
48.7489 -4.51425 0.679717
48.7725 -4.52225 0.66073
48.7637 -4.50622 0.662253
48.8029 -4.49403 0.663746
48.8237 -4.49234 0.658216
48.8477 -4.5079 0.672995
48.8347 -4.49564 0.663317
48.864 -4.51328 0.66726
48.8966 -4.50552 0.655129
48.9054 -4.49951 0.6688
48.932 -4.50922 0.667804
48.9652 -4.49871 0.648708
48.9662 -4.49065 0.654529
48.9951 -4.49023 0.651446
49.0045 -4.50372 0.671033
49.02 -4.49203 0.661562
49.0601 -4.49659 0.655989
49.0586 -4.50814 0.648864
49.0783 -4.49653 0.655619
49.0861 -4.49781 0.648912
49.1087 -4.50405 0.661896
49.1274 -4.50354 0.651679
49.1467 -4.50915 0.66126
49.1491 -4.49464 0.644485
49.1844 -4.50488 0.647404
49.222 -4.48782 0.650803
49.229 -4.49912 0.666878
49.2318 -4.49008 0.644259
49.259 -4.5 0.654516
49.2834 -4.49664 0.637613
49.2962 -4.49418 0.673052
49.314 -4.50747 0.646778
49.3331 -4.49608 0.652151
49.3536 -4.50378 0.643635
49.3666 -4.4831 0.663816
49.4053 -4.50181 0.640643
49.4203 -4.49886 0.641708
49.445 -4.49937 0.627759
49.4515 -4.48229 0.63151
49.4679 -4.48597 0.629333
49.4819 -4.49846 0.626838
49.52 -4.50062 0.630788
49.5176 -4.51255 0.630262
49.532 -4.49966 0.619417
49.5785 -4.49982 0.626622
49.5745 -4.50516 0.630513
49.6207 -4.49907 0.621876
49.6066 -4.5107 0.622226
49.642 -4.50368 0.627388
49.6385 -4.49937 0.628384
49.6835 -4.50861 0.651869
49.7 -4.4917 0.635806
49.7143 -4.4956 0.62702
49.7217 -4.52511 0.637493
49.7578 -4.51115 0.629201
49.7665 -4.5078 0.603749
49.7867 -4.5043 0.627361
49.7885 -4.50202 0.623926
49.8256 -4.49753 0.629383
49.8675 -4.48624 0.618972
49.8606 -4.49512 0.62339
49.8783 -4.50585 0.62481
49.8964 -4.50806 0.611702
49.9144 -4.50125 0.614033
49.9245 -4.49378 0.625814
49.952 -4.50728 0.626525
49.9797 -4.5007 0.62208
49.9949 -4.51101 0.608779
50.0056 -4.49986 0.599378
50.0181 -4.5044 0.612993
50.0434 -4.51447 0.603079
50.0596 -4.50418 0.610831
50.0812 -4.50334 0.614672
50.0972 -4.50533 0.60562
50.1122 -4.5068 0.610584
50.1542 -4.49575 0.602654
50.1534 -4.52547 0.618092
50.1548 -4.51861 0.603096
50.2036 -4.49072 0.606993
50.2213 -4.51421 0.599712
50.2139 -4.4984 0.607042
50.2418 -4.52496 0.615635
50.2676 -4.49762 0.600464
50.2815 -4.50248 0.598987
50.2824 -4.49553 0.603778
50.334 -4.4942 0.605213
50.3412 -4.48527 0.615381
50.3594 -4.49291 0.611014
50.3653 -4.50305 0.59389
50.4032 -4.49151 0.588428
50.41 -4.4997 0.593187
50.44 -4.48689 0.584698
50.4688 -4.49608 0.57012
50.4653 -4.49807 0.595566
50.4942 -4.48502 0.592893
50.5018 -4.50716 0.595703
50.5393 -4.48963 0.588553
50.5436 -4.51219 0.613499
50.5547 -4.49951 0.593124
50.5695 -4.49335 0.579678
50.6094 -4.48689 0.593441
50.6101 -4.50655 0.589128
50.6442 -4.51067 0.589154
50.678 -4.50405 0.579283
50.6712 -4.51281 0.585638
50.7046 -4.50021 0.591902
50.7048 -4.51045 0.590782
50.7177 -4.49796 0.588568
50.7395 -4.48615 0.584064
50.7518 -4.49214 0.564077
50.7958 -4.50685 0.591916
50.8047 -4.5038 0.598216
50.8324 -4.49791 0.573033
50.8349 -4.49039 0.578962
50.8596 -4.51538 0.570393
50.8785 -4.49742 0.573251
50.8985 -4.50464 0.594532
50.9223 -4.50018 0.586527
50.9326 -4.50877 0.590191
50.9399 -4.49097 0.591608
50.9927 -4.50161 0.574111
50.9924 -4.51638 0.563596
51.0002 -4.50001 0.567879
51.0284 -4.50251 0.560659
51.0613 -4.49507 0.585398
51.0645 -4.50394 0.589838
51.0706 -4.47795 0.574238
51.1168 -4.5 0.575392
51.1023 -4.5234 0.570982
51.1419 -4.50912 0.569611
51.1499 -4.4989 0.568907
51.1691 -4.51156 0.56748
51.1946 -4.49844 0.572614
51.2077 -4.50362 0.573012
51.2339 -4.49929 0.560401
51.2301 -4.49411 0.55147
51.2715 -4.49809 0.56562
51.2867 -4.49246 0.547624
51.3128 -4.50701 0.564173
51.3331 -4.50155 0.562393
51.3597 -4.50484 0.560985
51.347 -4.49923 0.55276
51.3762 -4.50132 0.547159
51.3895 -4.49992 0.560664
51.4204 -4.51389 0.564596
51.434 -4.50727 0.568859
51.4485 -4.48546 0.548272
51.4832 -4.49129 0.545552
51.4899 -4.49872 0.560602
51.5035 -4.49593 0.551044
51.5201 -4.49903 0.55798
51.5307 -4.50011 0.570893
51.5737 -4.51092 0.544025
51.5886 -4.50944 0.529436
51.6112 -4.48236 0.55228
51.6318 -4.51544 0.542368
51.647 -4.50697 0.546969
51.6738 -4.50306 0.539223
51.6747 -4.48475 0.522308
51.6945 -4.49532 0.535968
51.709 -4.4965 0.536272
51.7141 -4.51141 0.541147
51.7513 -4.48872 0.518093
51.7574 -4.50723 0.537524
51.7711 -4.49267 0.560899
51.7903 -4.49428 0.550984
51.8418 -4.5057 0.531683
51.8405 -4.50959 0.531834
51.8632 -4.50734 0.561592
51.8875 -4.4851 0.543937
51.91 -4.50975 0.511621
51.9114 -4.52773 0.525125
51.934 -4.50066 0.530664
51.9609 -4.49614 0.521541
51.9736 -4.49382 0.540125
51.9614 -4.48418 0.508341
52.0079 -4.50202 0.526469
52.0116 -4.48763 0.525215
52.0496 -4.49662 0.521897
52.0738 -4.4913 0.550332
52.0646 -4.48527 0.519045
52.0952 -4.51314 0.52786
52.1222 -4.49835 0.520966
52.1366 -4.51234 0.514379
52.1364 -4.51215 0.538737
52.1842 -4.50012 0.501411
52.1962 -4.49929 0.498209
52.2201 -4.50944 0.508919
52.2287 -4.5096 0.519529
52.249 -4.51672 0.534187
52.2691 -4.50031 0.516117
52.2981 -4.483 0.522123
52.3011 -4.49464 0.512363
52.3388 -4.49952 0.539322
52.3541 -4.48682 0.520878
52.3487 -4.49329 0.509776
52.3795 -4.48442 0.527136
52.392 -4.50524 0.517195
52.4204 -4.4934 0.516469
52.4463 -4.51256 0.512956
52.4674 -4.49631 0.513182
52.473 -4.50787 0.504085
52.5028 -4.47455 0.502878
52.5199 -4.51074 0.507975
52.5298 -4.49412 0.497002
52.5432 -4.50577 0.510818
52.5549 -4.51841 0.506171
52.577 -4.50317 0.511688
52.6024 -4.49348 0.507245
52.6005 -4.502 0.519711
52.6304 -4.49299 0.518196
52.6603 -4.49897 0.489452
52.6819 -4.50879 0.489346
52.6962 -4.51673 0.506612
52.7223 -4.47967 0.504118
52.7463 -4.49634 0.505836
52.7528 -4.50386 0.498776
52.7854 -4.50669 0.494253
52.7865 -4.49307 0.486348
52.8189 -4.49697 0.491291
52.8261 -4.47702 0.479216
52.854 -4.49792 0.490787
52.8604 -4.48926 0.500109
52.8859 -4.50228 0.497134
52.9068 -4.49627 0.486021
52.923 -4.51984 0.479877
52.9281 -4.5022 0.489358
52.9769 -4.50403 0.489288
52.9725 -4.50316 0.495482
52.9932 -4.50189 0.492556
53.0086 -4.49896 0.487523
53.0259 -4.49471 0.494114
53.0542 -4.51089 0.484465
53.064 -4.48725 0.489924
53.0805 -4.50592 0.492114
53.108 -4.50381 0.492093
53.1193 -4.49721 0.487987
53.1499 -4.49511 0.474778
53.1504 -4.48982 0.49781
53.1754 -4.49046 0.483173
53.1982 -4.4953 0.475452
53.199 -4.51028 0.468888
53.2516 -4.49425 0.473291
53.269 -4.51196 0.471331
53.2803 -4.47573 0.485367
53.2803 -4.48718 0.469954
53.3085 -4.48871 0.468083
53.327 -4.50093 0.476203
53.3435 -4.4761 0.482994
53.3712 -4.50209 0.459493
53.3788 -4.50971 0.464907
53.4009 -4.4982 0.469401
53.4258 -4.49278 0.473294
53.4525 -4.50247 0.464079
53.4394 -4.51179 0.465029
53.4629 -4.49256 0.470041
53.4815 -4.49883 0.474586
53.5155 -4.50222 0.452904
53.5341 -4.52946 0.466713
53.546 -4.4949 0.461879
53.5659 -4.50169 0.467017
53.5991 -4.4975 0.474776
53.6166 -4.50887 0.454366
53.6254 -4.50985 0.462791
53.639 -4.48473 0.465737
53.6637 -4.52165 0.467815
53.6617 -4.49835 0.457639
53.6997 -4.49492 0.465899
53.7125 -4.48679 0.448467
53.737 -4.51246 0.456043
53.7692 -4.48966 0.445096
53.771 -4.49096 0.466864
53.7874 -4.49053 0.439356
53.8047 -4.49176 0.463022
53.8293 -4.50135 0.452906
53.8426 -4.49926 0.457132
53.8964 -4.50244 0.456989
53.9017 -4.51442 0.439654
53.9101 -4.51207 0.453504
53.9074 -4.50559 0.437098
53.9368 -4.48382 0.453406
53.9584 -4.502 0.431271
53.9868 -4.53121 0.446921
54.008 -4.49091 0.443926
54.0192 -4.50441 0.449551
54.0274 -4.51331 0.445375
54.0408 -4.50001 0.447519
54.0651 -4.47418 0.435847
54.0795 -4.50192 0.449933
54.1209 -4.50136 0.444992
54.1151 -4.48396 0.449097
54.1442 -4.48605 0.449691
54.177 -4.50104 0.429638
54.1697 -4.5024 0.462201
54.2129 -4.49363 0.451922
54.1989 -4.49313 0.442848
54.2318 -4.5035 0.438722
54.2496 -4.50895 0.437247
54.279 -4.50542 0.429258
54.2824 -4.49831 0.428256
54.3035 -4.50463 0.430998
54.3292 -4.49784 0.43529
54.3555 -4.50506 0.434373
54.3777 -4.50328 0.42592
54.3918 -4.49541 0.434773
54.3749 -4.49896 0.424821
54.4289 -4.49524 0.455273
54.445 -4.48633 0.444837
54.4599 -4.49458 0.447589
54.4948 -4.50594 0.428424
54.5105 -4.4983 0.435938
54.5148 -4.49391 0.436922
54.5464 -4.50028 0.426178
54.5662 -4.50001 0.435588
54.578 -4.50062 0.412849
54.5825 -4.47378 0.418933
54.6151 -4.49842 0.408345
54.6262 -4.48729 0.427886
54.6628 -4.50578 0.42085
54.6605 -4.51267 0.419975
54.6885 -4.51885 0.406453
54.7053 -4.50332 0.409358
54.7225 -4.4955 0.415885
54.7356 -4.49785 0.435863
54.7778 -4.50102 0.421879
54.7747 -4.48541 0.424054
54.8106 -4.48272 0.408665
54.8029 -4.49665 0.418986
54.8314 -4.50814 0.424983
54.8429 -4.48612 0.422131
54.8625 -4.49386 0.41664
54.8801 -4.51628 0.40393
54.905 -4.48035 0.401721
54.9169 -4.51174 0.408039
54.9413 -4.49479 0.419047
54.9568 -4.50113 0.401561
54.9786 -4.51382 0.393351
54.9986 -4.50662 0.425076
55.0058 -4.49597 0.40596
55.0447 -4.4926 0.387934
55.052 -4.50372 0.408975
55.0644 -4.4866 0.409687
55.0677 -4.49541 0.41089
55.1142 -4.51242 0.393641
55.1262 -4.50625 0.393524
55.1504 -4.49345 0.401115
55.1584 -4.49806 0.408971
55.1492 -4.51822 0.399611
55.2184 -4.48943 0.392547
55.2118 -4.48999 0.385412
55.2347 -4.50769 0.409593
55.2505 -4.49894 0.385578
55.2735 -4.49107 0.400189
55.288 -4.49606 0.40143
55.3073 -4.49452 0.38087
55.3249 -4.50074 0.381375
55.3433 -4.49331 0.401156
55.3996 -4.49912 0.406244
55.3955 -4.49544 0.379178
55.391 -4.51113 0.396089
55.4215 -4.49783 0.376236
55.4513 -4.48631 0.383368
55.4588 -4.50627 0.399617
55.4706 -4.47945 0.38517
55.5003 -4.50978 0.38564
55.5039 -4.50033 0.378577
55.5368 -4.51395 0.370155
55.5487 -4.48994 0.377204
55.5616 -4.48305 0.379741
55.5752 -4.50714 0.393767
55.6174 -4.47775 0.361834
55.6443 -4.47669 0.388693
55.6392 -4.50134 0.385013
55.6614 -4.48314 0.370899
55.6725 -4.50396 0.374129
55.6755 -4.48995 0.360485
55.7137 -4.49523 0.389901
55.7383 -4.4916 0.381213
55.7675 -4.48955 0.382754
55.7783 -4.51648 0.366424
55.8073 -4.48125 0.389769
55.8177 -4.49624 0.37341
55.842 -4.51689 0.362138
55.854 -4.48859 0.350407
55.8864 -4.4984 0.379892
55.8809 -4.49139 0.377883
55.9053 -4.50039 0.371103
55.9186 -4.50201 0.37806
55.9523 -4.49326 0.366013
55.9591 -4.49699 0.356732
55.9811 -4.50019 0.365763
56.0198 -4.5053 0.379408
56.0196 -4.49381 0.366346
56.0407 -4.51257 0.371784
56.0545 -4.509 0.364641
56.0835 -4.50223 0.36486
56.0807 -4.48892 0.360127
56.113 -4.50384 0.366294
56.1259 -4.51837 0.353455
56.1313 -4.50348 0.350404
56.1648 -4.47332 0.379175
56.1864 -4.50653 0.354941
56.2082 -4.50515 0.377563
56.2304 -4.50151 0.350107
56.2454 -4.50718 0.360836
56.274 -4.49636 0.370936
56.2612 -4.4844 0.362211
56.297 -4.51369 0.346941
56.3195 -4.49784 0.348274
56.3354 -4.48902 0.339315
56.3574 -4.51529 0.342388
56.3712 -4.48424 0.353896
56.3945 -4.50297 0.361199
56.4196 -4.50973 0.369393
56.4125 -4.49676 0.343425
56.4505 -4.50085 0.355292
56.4718 -4.493 0.336356
56.4769 -4.49012 0.350224
56.508 -4.51447 0.361944
56.5222 -4.49874 0.353538
56.5315 -4.48636 0.353194
56.555 -4.5072 0.322544
56.5744 -4.50675 0.348004
56.6071 -4.49947 0.33284
56.6189 -4.50238 0.338251
56.6177 -4.49344 0.329284
56.651 -4.4923 0.337488
56.6657 -4.51113 0.351737
56.6894 -4.50632 0.328174
56.6893 -4.48297 0.348972
56.7377 -4.49442 0.333946
56.7294 -4.49394 0.361096
56.7657 -4.49335 0.333207
56.7597 -4.50028 0.34246
56.7985 -4.50333 0.343861
56.8158 -4.50122 0.352732
56.8397 -4.49357 0.334141
56.8612 -4.49903 0.342608
56.8842 -4.49143 0.324877
56.9001 -4.50815 0.319416
56.8912 -4.50227 0.322169
56.9226 -4.51098 0.321315
56.9614 -4.51839 0.348245
56.9783 -4.51641 0.337786
56.9772 -4.51836 0.332788
57.0113 -4.49025 0.330312
57.0398 -4.4925 0.350395
57.0343 -4.49017 0.335932
57.0596 -4.48814 0.350452
57.0771 -4.48643 0.307486
57.0911 -4.48496 0.328204
57.1012 -4.50458 0.327209
57.1275 -4.49729 0.34509
57.1479 -4.4855 0.339609
57.1706 -4.49904 0.346869
57.1847 -4.50048 0.310513
57.2019 -4.49658 0.309434
57.2234 -4.49507 0.310321
57.2455 -4.48945 0.337748
57.2685 -4.49813 0.31993
57.2854 -4.50787 0.316391
57.3069 -4.48492 0.307147
57.3269 -4.49936 0.31369
57.331 -4.49615 0.312547
57.3535 -4.48692 0.320186
57.3833 -4.50568 0.330939
57.4089 -4.4937 0.315793
57.4187 -4.49033 0.316397
57.4295 -4.48782 0.325327
57.4429 -4.49838 0.305386
57.4807 -4.50475 0.314596
57.4913 -4.50783 0.318673
57.5018 -4.50578 0.300627
57.5309 -4.52567 0.306132
57.5387 -4.50788 0.313576
57.5585 -4.49596 0.313188
57.5744 -4.51251 0.320902
57.5877 -4.51117 0.312866
57.6182 -4.5011 0.311022
57.6503 -4.49552 0.30047
57.6433 -4.5081 0.310991
57.686 -4.50804 0.293321
57.7038 -4.49352 0.295496
57.7127 -4.49397 0.301784
57.717 -4.49471 0.317056
57.7603 -4.49066 0.301618
57.7511 -4.51116 0.31399
57.7951 -4.50387 0.312871
57.7977 -4.49471 0.312835
57.811 -4.49986 0.302369
57.8404 -4.49985 0.308248
57.8472 -4.49655 0.307412
57.8564 -4.50426 0.281452
57.8834 -4.51674 0.294547
57.9175 -4.48642 0.299775
57.9403 -4.48978 0.290677
57.9546 -4.50357 0.292306
57.9767 -4.49718 0.305352
57.9916 -4.50358 0.292574
57.9972 -4.52099 0.29005
58.0178 -4.49091 0.305491
58.0415 -4.50505 0.289624
58.0617 -4.49298 0.295043
58.0868 -4.49877 0.303119
58.1063 -4.50477 0.297279
58.1117 -4.50005 0.30143
58.135 -4.49729 0.279713
58.168 -4.5047 0.269308
58.1723 -4.53008 0.28342
58.1895 -4.50273 0.308611
58.2011 -4.50981 0.292103
58.2354 -4.50761 0.294003
58.2417 -4.49227 0.290932
58.2677 -4.49347 0.284667
58.2871 -4.50132 0.245493
58.2824 -4.50582 0.283493
58.3164 -4.50069 0.29113
58.3399 -4.50693 0.26311
58.3409 -4.49705 0.280515
58.3725 -4.49871 0.267487
58.4248 -4.50802 0.279891
58.4117 -4.49965 0.274437
58.431 -4.50501 0.268773
58.4648 -4.51054 0.259945
58.4679 -4.49407 0.273879
58.4848 -4.49856 0.274162
58.5087 -4.50918 0.277045
58.5232 -4.49779 0.259116
58.5472 -4.48533 0.270387
58.551 -4.49558 0.27938
58.5918 -4.49733 0.268126
58.595 -4.50317 0.266819
58.6195 -4.48329 0.281578
58.6411 -4.50158 0.274034
58.6667 -4.49334 0.261942
58.6705 -4.50656 0.279289
58.6772 -4.48981 0.274088
58.7175 -4.5101 0.261897
58.7422 -4.49631 0.269053
58.753 -4.49579 0.26762
58.783 -4.49575 0.274366
58.7844 -4.48237 0.272663
58.7943 -4.51695 0.266149
58.8221 -4.48214 0.247265
58.8629 -4.49634 0.249778
58.874 -4.49056 0.260453
58.8759 -4.50199 0.266877
58.9102 -4.48554 0.2711
58.9363 -4.50486 0.26175
58.9405 -4.48279 0.241095
58.9542 -4.48919 0.25541
58.9711 -4.49777 0.248004
58.9887 -4.51819 0.268216
59.0059 -4.49596 0.248527
59.0292 -4.48854 0.239578
59.0429 -4.51083 0.26599
59.0702 -4.51828 0.259544
59.0797 -4.50928 0.240486
59.0842 -4.50468 0.256704
59.1079 -4.50165 0.231986
59.141 -4.50099 0.242031
59.1568 -4.49781 0.249922
59.1761 -4.49797 0.227958
59.1947 -4.51354 0.249804
59.2122 -4.50613 0.245878
59.2248 -4.49412 0.246694
59.2353 -4.4854 0.250433
59.271 -4.5017 0.252647
59.2827 -4.50445 0.248893
59.3012 -4.4872 0.236755
59.3121 -4.51305 0.2341
59.348 -4.51032 0.246401
59.3632 -4.49628 0.235101
59.3631 -4.51475 0.253422
59.3952 -4.48864 0.247037
59.4094 -4.5105 0.249933
59.4505 -4.49713 0.223606
59.4733 -4.50408 0.228001
59.4764 -4.49933 0.232649
59.4869 -4.4964 0.229716
59.5227 -4.50375 0.247579
59.5187 -4.49859 0.246164
59.5505 -4.48782 0.230871
59.558 -4.49974 0.21301
59.5905 -4.48659 0.212269
59.6122 -4.50378 0.241682
59.621 -4.47518 0.226937
59.6415 -4.50248 0.218528
59.6482 -4.50345 0.242713
59.664 -4.49265 0.216729
59.6983 -4.49617 0.218265
59.7034 -4.50487 0.222452
59.724 -4.49994 0.229672
59.7486 -4.49817 0.2194
59.7576 -4.4818 0.233184
59.7857 -4.50524 0.226478
59.8109 -4.48185 0.224099
59.8214 -4.50346 0.215931
59.8585 -4.51817 0.230938
59.8601 -4.50312 0.229521
59.8851 -4.50754 0.223305
59.8881 -4.51266 0.214797
59.9172 -4.49472 0.20361
59.9235 -4.50095 0.193672
59.9502 -4.51531 0.206369
59.9857 -4.49661 0.210476
59.9963 -4.48873 0.195388
60.0003 -4.48866 0.223189
60.0291 -4.49068 0.218349
60.0443 -4.51067 0.228366
60.0584 -4.49223 0.215856
60.0765 -4.5067 0.212014
60.0945 -4.50236 0.201521
60.1221 -4.50131 0.207992
60.1347 -4.50147 0.213315
60.1722 -4.49307 0.214664
60.1639 -4.51523 0.219977
60.1873 -4.52151 0.208876
60.2196 -4.51408 0.210101
60.2333 -4.50645 0.222655
60.2579 -4.51231 0.210641
60.2713 -4.49718 0.207174
60.2907 -4.49463 0.188486
60.309 -4.48481 0.204896
60.3304 -4.51415 0.203317
60.3345 -4.49486 0.204785
60.3672 -4.48137 0.205596
60.38 -4.49434 0.199071
60.398 -4.49213 0.205061
60.4174 -4.50548 0.204002
60.4471 -4.48753 0.214818
60.4616 -4.49993 0.199297
60.4629 -4.49613 0.175092
60.5133 -4.50153 0.195672
60.5188 -4.50862 0.204284
60.5303 -4.52524 0.203672
60.5546 -4.47129 0.195984
60.572 -4.503 0.202615
60.5734 -4.49952 0.194625
60.6128 -4.50595 0.187766
60.6299 -4.49518 0.207674
60.6612 -4.49279 0.200322
60.6632 -4.49767 0.182594
60.671 -4.49167 0.192096
60.6952 -4.47538 0.176582
60.6942 -4.49609 0.191359
60.7359 -4.49819 0.184234
60.7534 -4.48803 0.192687
60.7645 -4.50889 0.190671
60.793 -4.49524 0.191147
60.8163 -4.50048 0.190732
60.8376 -4.50764 0.199085
60.8369 -4.48363 0.177139
60.8603 -4.49395 0.176965
60.8802 -4.50508 0.192419
60.8923 -4.50313 0.193985
60.9216 -4.49911 0.174221
60.9392 -4.5135 0.187619
60.9427 -4.51288 0.185985
60.9824 -4.49747 0.177855
60.9911 -4.49048 0.177501
61.0132 -4.49571 0.167985
61.0259 -4.50203 0.18158
61.0539 -4.49736 0.18554
61.0639 -4.50122 0.159998
61.0883 -4.48891 0.181848
61.0882 -4.51153 0.178557
61.1344 -4.51254 0.166982
61.1287 -4.49737 0.18183
61.1421 -4.5103 0.176624
61.2024 -4.50312 0.16313
61.1944 -4.50579 0.170745
61.2074 -4.49072 0.188999
61.2333 -4.50167 0.16789
61.2499 -4.48619 0.186216
61.2791 -4.49564 0.179279
61.2999 -4.49953 0.149965
61.3059 -4.51034 0.165663
61.3209 -4.50959 0.162022
61.3468 -4.50075 0.176949
61.3544 -4.48304 0.153986
61.3937 -4.51693 0.182418
61.386 -4.48082 0.180247
61.4276 -4.50327 0.167623
61.4343 -4.50297 0.158889
61.4538 -4.50018 0.16301
61.488 -4.51682 0.17399
61.4887 -4.486 0.162446
61.5084 -4.50639 0.152341
61.5418 -4.49698 0.172765
61.5524 -4.50346 0.142525
61.5706 -4.48998 0.143678
61.5983 -4.49813 0.163079
61.6099 -4.51353 0.150544
61.6331 -4.50566 0.169156
61.648 -4.51415 0.161205
61.6644 -4.49956 0.156262
61.6699 -4.49485 0.156072
61.6925 -4.48755 0.153044
61.6983 -4.47934 0.17322
61.741 -4.48588 0.146712
61.7627 -4.48336 0.153337
61.7646 -4.49505 0.138961
61.79 -4.49999 0.135402
61.8249 -4.49585 0.146915
61.8417 -4.51097 0.158354
61.8374 -4.51487 0.142933
61.8651 -4.49574 0.150937
61.8814 -4.50957 0.160539
61.8973 -4.51805 0.145901
61.9096 -4.4829 0.138304
61.9082 -4.49867 0.162432
61.9599 -4.49582 0.132672
61.9886 -4.4986 0.149136
62.0075 -4.50314 0.156925
62.0224 -4.49092 0.130349
62.0443 -4.48391 0.125557
62.066 -4.50079 0.137905
62.0661 -4.48925 0.150574
62.0961 -4.49079 0.136913
62.1023 -4.50863 0.128744
62.1308 -4.50094 0.128359
62.1546 -4.47669 0.137241
62.1771 -4.51408 0.117247
62.1768 -4.48219 0.148341
62.2103 -4.48072 0.145471
62.2163 -4.49318 0.14497
62.2442 -4.49122 0.144846
62.282 -4.49656 0.149289
62.2821 -4.50583 0.139253
62.2879 -4.49616 0.136735
62.3079 -4.48777 0.130388
62.3331 -4.50561 0.139079
62.3567 -4.50073 0.107958
62.364 -4.50357 0.12991
62.4026 -4.50619 0.138707
62.3884 -4.51295 0.137899
62.4221 -4.50352 0.12819
62.4489 -4.51515 0.122935
62.4604 -4.50809 0.108138
62.4768 -4.49406 0.128681
62.4873 -4.50057 0.123516
62.509 -4.5032 0.126137
62.5296 -4.50873 0.147825
62.5519 -4.49766 0.128648
62.5601 -4.50536 0.0966286
62.5922 -4.48414 0.127966
62.5994 -4.49544 0.148372
62.6316 -4.49481 0.128277
62.6465 -4.49037 0.148818
62.6508 -4.50746 0.135624
62.6846 -4.50732 0.136976
62.694 -4.50692 0.120152
62.7019 -4.50074 0.126091
62.7529 -4.5126 0.112195
62.7658 -4.50114 0.128795
62.7865 -4.51474 0.120717
62.792 -4.49682 0.11522
62.8118 -4.47809 0.123976
62.8266 -4.49923 0.107215
62.8374 -4.47633 0.0987424
62.8704 -4.49059 0.108819
62.8865 -4.49479 0.0802228
62.8984 -4.49991 0.10703
62.931 -4.49864 0.127206
62.9557 -4.51532 0.111486
62.9626 -4.49419 0.0989047
62.9697 -4.49354 0.114243
62.992 -4.518 0.101857
63.0197 -4.50132 0.098767
63.0267 -4.52516 0.115328
63.0441 -4.49156 0.108128
63.0894 -4.49016 0.111932
63.0974 -4.51123 0.115472
63.1191 -4.4943 0.113966
63.1283 -4.50964 0.10167
63.129 -4.49071 0.0950745
63.1546 -4.49218 0.114311
63.1836 -4.50596 0.0939658
63.1935 -4.49199 0.0903937
63.2151 -4.50248 0.0944103
63.2391 -4.52038 0.126467
63.2515 -4.50917 0.0974209
63.2856 -4.47779 0.102985
63.3129 -4.50982 0.105229
63.3243 -4.47659 0.0905714
63.3215 -4.50086 0.127001
63.3489 -4.49327 0.0820994
63.3823 -4.50525 0.111144
63.3774 -4.47918 0.0868637
63.3935 -4.49012 0.09495
63.4176 -4.49644 0.0858152
63.4395 -4.50319 0.0859143
63.4757 -4.51545 0.0817017
63.4879 -4.48791 0.0959127
63.4808 -4.49208 0.0602348
63.5348 -4.51234 0.0840305
63.5549 -4.4949 0.0967158
63.5571 -4.49982 0.0871518
63.5854 -4.51602 0.0987602
63.6131 -4.48675 0.0973655
63.6277 -4.49199 0.0876136
63.6259 -4.48815 0.0789332
63.6464 -4.48728 0.101356
63.6664 -4.51102 0.079752
63.6733 -4.47338 0.0785141
63.6993 -4.49917 0.0889946
63.7412 -4.50747 0.063001
63.7319 -4.50782 0.0741853
63.7575 -4.481 0.0786877
63.7839 -4.49553 0.0716038
63.8114 -4.51098 0.0849659
63.8021 -4.50476 0.0899448
63.8432 -4.49487 0.0727042
63.8631 -4.51411 0.0862821
63.8827 -4.51092 0.0697022
63.8815 -4.5 0.0843757
63.9156 -4.48907 0.0677572
63.9429 -4.50574 0.0844398
63.9568 -4.50707 0.0792375
63.9612 -4.50309 0.0780479
63.9824 -4.52228 0.0680976
63.9947 -4.50711 0.0756631
64.0226 -4.5012 0.0831102
64.0355 -4.51165 0.0598693
64.065 -4.49325 0.0676429
64.0795 -4.49801 0.0677424
64.0848 -4.49814 0.0891315
64.1052 -4.50496 0.0671053
64.1506 -4.49489 0.0700642
64.1489 -4.49189 0.0405645
64.1789 -4.49617 0.0662191
64.1533 -4.50002 0.0594904
64.1927 -4.51163 0.0647679
64.2294 -4.51294 0.0752168
64.2467 -4.51545 0.0585257
64.2605 -4.51914 0.0518453
64.2794 -4.50402 0.0673939
64.2988 -4.49516 0.0603304
64.3264 -4.50165 0.0543907
64.3217 -4.48827 0.0913372
64.3333 -4.48194 0.0665884
64.371 -4.48834 0.0752778
64.38 -4.50837 0.0490151
64.4191 -4.50022 0.057749
64.4309 -4.50499 0.0709467
64.4487 -4.50141 0.0624581
64.4637 -4.51619 0.051374
64.4771 -4.50375 0.0556885
64.4871 -4.4869 0.0622347
64.5374 -4.5038 0.0492105
64.5579 -4.49696 0.0496053
64.5613 -4.50154 0.0545257
64.5787 -4.49856 0.0385227
64.6091 -4.50075 0.0632595
64.6203 -4.49784 0.0501852
64.6475 -4.49685 0.0505277
64.6568 -4.50483 0.0523311
64.6842 -4.51381 0.040323
64.6879 -4.48069 0.0569754
64.7003 -4.50443 0.0448964
64.7122 -4.49158 0.0438518
64.7257 -4.51234 0.0472839
64.7604 -4.48687 0.0516758
64.7814 -4.49543 0.0551231
64.8188 -4.50905 0.0328926
64.8224 -4.50456 0.0723017
64.8466 -4.49402 0.0544455
64.8709 -4.5092 0.0546917
64.8727 -4.50838 0.0380345
64.9049 -4.49722 0.0462193
64.9025 -4.49524 0.05524
64.9225 -4.52607 0.0563016
64.9356 -4.50029 0.0320627
64.9745 -4.49324 0.045049
64.9743 -4.51699 0.0414732
65.0106 -4.50639 0.0557613
65.0229 -4.49633 0.0497138
65.0516 -4.51776 0.0442624
65.0645 -4.49784 0.0437291
65.0868 -4.49655 0.0366967
65.0827 -4.51471 0.0439
65.1204 -4.49531 0.0376495
65.1421 -4.49833 0.0336251
65.1766 -4.50976 0.0459308
65.1704 -4.49045 0.035428
65.1991 -4.4969 0.0448562
65.2127 -4.50454 0.0353037
65.2242 -4.48974 0.033843
65.2347 -4.49337 0.0211366
65.2568 -4.49007 0.0561169
65.2871 -4.4719 0.0275074
65.2952 -4.50239 0.0425331
65.3351 -4.48242 0.0507112
65.3332 -4.49796 0.0335003
65.3653 -4.51711 0.0412354
65.3744 -4.48929 0.0258212
65.3974 -4.49826 0.0304624
65.416 -4.50541 0.0212912
65.432 -4.50233 0.0383831
65.4325 -4.50931 0.0196532
65.4699 -4.50553 0.0288474
65.4681 -4.50074 0.0501139
65.5064 -4.51555 0.038054
65.5203 -4.5107 0.0160113
65.5485 -4.50864 0.032908
65.5724 -4.51071 0.0217961
65.578 -4.49835 0.019071
65.5899 -4.5042 0.0297846
65.6195 -4.49764 0.0116109
65.6395 -4.52542 0.0275168
65.6484 -4.49475 0.0336404
65.6714 -4.50875 0.0334334
65.7069 -4.50358 0.0254952
65.7153 -4.4875 0.0215944
65.722 -4.50325 0.00351561
65.757 -4.50359 0.024426
65.7601 -4.50258 0.0181268
65.7926 -4.49391 0.0404726
65.7988 -4.47885 0.0210167
65.8322 -4.48909 0.0164086
65.8442 -4.49196 -0.00147309
65.8467 -4.5117 -0.00391032
65.8744 -4.49437 0.00688916
65.8951 -4.51594 0.0186706
65.9032 -4.48672 0.0135039
65.9381 -4.49709 0.0197714
65.9485 -4.5043 0.0335029
65.9737 -4.50886 0.0243916
65.9756 -4.51027 -0.0157507
66.0187 -4.50006 0.00690361
66.019 -4.49118 -0.00139773
66.0438 -4.4905 0.0229589
66.0646 -4.51909 0.00688762
66.0668 -4.49471 0.0159698
66.0845 -4.49044 0.00852682
66.1116 -4.50547 -0.0102716
66.1312 -4.49975 0.00701985
66.1484 -4.48983 0.00925037
66.1873 -4.49812 0.000782938
66.1973 -4.51064 -0.00186568
66.2025 -4.5074 -0.0053313
66.2307 -4.51243 0.00929685
66.2616 -4.49041 0.0056907
66.2686 -4.5111 -0.00281615
66.2758 -4.50104 -0.00153068
66.2824 -4.49441 0.00280874
66.3124 -4.51342 0.00962957
66.3282 -4.49278 -0.00859544
66.3515 -4.50059 0.000257228
66.3882 -4.50206 -0.0228942
66.3933 -4.49838 -0.00369611
66.4134 -4.49841 0.000258901
66.4146 -4.49304 0.0222601
66.4509 -4.50942 0.00426225
66.4613 -4.49961 -0.00381476
66.4813 -4.5012 -0.0180086
66.5223 -4.49744 -0.0159767
66.5333 -4.50461 -0.00976303
66.5539 -4.48961 -0.00767841
66.5663 -4.4937 -0.00153661
66.5807 -4.51477 -0.015494
66.5866 -4.50201 -0.00652833
66.6166 -4.49765 -0.0162568
66.6413 -4.48747 -0.00868537
66.6687 -4.50194 -0.00818983
66.6779 -4.49037 -0.030993
66.6955 -4.49215 -0.0355727
66.7259 -4.50234 -0.0295794
66.7414 -4.5119 -0.00275643
66.7493 -4.49199 -0.00692816
66.757 -4.49145 -0.00136102
66.7868 -4.50512 -0.0225012
66.7968 -4.49527 -0.0224255
66.8163 -4.50235 -0.020232
66.8248 -4.493 -0.0281433
66.8477 -4.50405 -0.00244019
66.8583 -4.4964 -0.0358536
66.8979 -4.49775 -0.0196187
66.9112 -4.49582 -0.0142043
66.9372 -4.51368 -0.0118177
66.9533 -4.49582 -0.0283159
66.9733 -4.49755 -0.0145022
66.9868 -4.50384 -0.0346807
67.013 -4.49358 -0.0277129
67.0389 -4.51196 -0.0282144
67.038 -4.5083 -0.0387284
67.032 -4.50007 -0.0292692
67.0852 -4.49699 -0.0303459
67.0974 -4.50479 -0.0372861
67.1409 -4.51682 -0.0216421
67.1335 -4.50683 -0.0273132
67.1538 -4.48639 -0.0261147
67.1662 -4.49293 -0.0241009
67.1907 -4.50364 -0.0242822
67.2218 -4.50351 -0.035079
67.2337 -4.51659 -0.0532172
67.2413 -4.51349 -0.0375827
67.2797 -4.5019 -0.0170506
67.3016 -4.49845 -0.0225977
67.296 -4.51045 -0.0295899
67.3297 -4.48627 -0.0343298
67.3328 -4.50468 -0.0235345
67.3577 -4.4809 -0.0431828
67.3859 -4.50054 -0.0328638
67.409 -4.51285 -0.0524159
67.4065 -4.49389 -0.0170139
67.4426 -4.50105 -0.0427601
67.4313 -4.49365 -0.0337613
67.4785 -4.50724 -0.045405
67.4938 -4.48853 -0.0452039
67.5129 -4.48808 -0.0339516
67.5161 -4.51022 -0.0439192
67.5598 -4.49826 -0.0331709
67.5598 -4.51051 -0.0383859
67.5996 -4.51178 -0.0477534
67.5892 -4.49546 -0.0354196
67.626 -4.49105 -0.0441687
67.6283 -4.47697 -0.058104
67.6515 -4.51393 -0.0448908
67.6701 -4.49438 -0.0440146
67.6876 -4.50691 -0.0362443
67.7288 -4.50269 -0.051235
67.7245 -4.49184 -0.0404307
67.7538 -4.50269 -0.0470853
67.7554 -4.50542 -0.0351002
67.7799 -4.49927 -0.0413812
67.8041 -4.52142 -0.0569676
67.8198 -4.49686 -0.0351602
67.851 -4.49998 -0.0379244
67.8558 -4.51142 -0.0484775
67.8768 -4.50503 -0.0688525
67.8756 -4.49845 -0.0311167
67.9329 -4.50276 -0.0437271
67.9434 -4.50578 -0.05235
67.9457 -4.503 -0.0553888
67.9822 -4.49211 -0.0641209
67.9906 -4.51117 -0.0555047
68.0183 -4.47856 -0.0373983
68.0262 -4.49076 -0.0552194
68.0481 -4.49498 -0.0581485
68.0601 -4.49341 -0.0701889
68.088 -4.50905 -0.0760012
68.1035 -4.51046 -0.0535729
68.1201 -4.50689 -0.0533909
68.1239 -4.47974 -0.057403
68.1429 -4.50468 -0.0700626
68.1838 -4.49982 -0.0475734
68.209 -4.49208 -0.0666691
68.2274 -4.51667 -0.056527
68.2262 -4.5066 -0.0660359
68.229 -4.49245 -0.0572592
68.2654 -4.50089 -0.0613272
68.3143 -4.50638 -0.0770481
68.3183 -4.49326 -0.0590218
68.3235 -4.49928 -0.0980273
68.3471 -4.50276 -0.0565141
68.3542 -4.48775 -0.0631166
68.3811 -4.5018 -0.0561353
68.3902 -4.49394 -0.0836574
68.4044 -4.50604 -0.0735535
68.4457 -4.49925 -0.0656428
68.4494 -4.49562 -0.0886868
68.473 -4.50566 -0.0727713
68.5012 -4.49048 -0.0783742
68.5307 -4.5238 -0.0722063
68.5221 -4.49364 -0.0744239
68.5414 -4.507 -0.0408398
68.5629 -4.49534 -0.0492928
68.5822 -4.48862 -0.0838305
68.5906 -4.50588 -0.0700074
68.618 -4.50057 -0.0722689
68.6619 -4.50242 -0.0742927
68.6564 -4.50904 -0.0631263
68.6774 -4.49784 -0.0765978
68.6969 -4.50599 -0.066312
68.7035 -4.49905 -0.0700029
68.7337 -4.51022 -0.0543218
68.7529 -4.4925 -0.0786458
68.7737 -4.50464 -0.0770257
68.7806 -4.48817 -0.0759715
68.802 -4.4935 -0.0732281
68.835 -4.49247 -0.07647
68.8434 -4.4913 -0.0931064
68.8519 -4.50197 -0.0757707
68.8761 -4.50644 -0.0886869
68.9185 -4.48504 -0.0778843
68.9031 -4.50627 -0.0660537
68.9117 -4.50507 -0.0706942
68.9703 -4.49264 -0.0854528
68.961 -4.49785 -0.0738035
68.9984 -4.51087 -0.089869
69.0201 -4.49569 -0.0707858
69.0285 -4.49591 -0.0768713
69.0438 -4.51534 -0.0862778
69.0752 -4.49153 -0.101801
69.1066 -4.49195 -0.0717853
69.1061 -4.50946 -0.0834214
69.1315 -4.49521 -0.0737554
69.1406 -4.4955 -0.0971374
69.1496 -4.48695 -0.0753716
69.1862 -4.50461 -0.09415
69.2031 -4.49478 -0.0991559
69.2075 -4.49007 -0.0739612
69.2402 -4.52141 -0.0864474
69.2622 -4.50398 -0.087682
69.2849 -4.49863 -0.111018
69.2907 -4.50818 -0.0826905
69.3061 -4.50803 -0.0936102
69.3111 -4.49397 -0.0761774
69.3367 -4.50199 -0.111324
69.3466 -4.49994 -0.117221
69.3816 -4.51122 -0.0924
69.4156 -4.511 -0.0942037
69.4045 -4.52935 -0.114142
69.4373 -4.5034 -0.0805814
69.4586 -4.4968 -0.0976617
69.4852 -4.49661 -0.108708
69.4812 -4.49687 -0.0938493
69.5145 -4.4866 -0.103047
69.5285 -4.5013 -0.100025
69.5639 -4.49587 -0.108
69.571 -4.48823 -0.0918645
69.5966 -4.49672 -0.0954697
69.6015 -4.50048 -0.0942004
69.6493 -4.50166 -0.122687
69.6377 -4.49314 -0.116218
69.6656 -4.4903 -0.0970729
69.6911 -4.4927 -0.104584
69.7111 -4.50213 -0.0847225
69.728 -4.50434 -0.102245
69.7497 -4.5008 -0.110396
69.7739 -4.50214 -0.11185
69.7836 -4.51607 -0.107954
69.8037 -4.51392 -0.1038
69.7983 -4.49846 -0.107782
69.8263 -4.49573 -0.0882153
69.8387 -4.51001 -0.105163
69.861 -4.48561 -0.107073
69.8769 -4.49677 -0.106052
69.9087 -4.50825 -0.0950404
69.9201 -4.48772 -0.102986
69.9308 -4.48743 -0.114356
69.9782 -4.50091 -0.118182
69.9639 -4.50875 -0.0892308
70.0014 -4.49522 -0.120763
70.0046 -4.50635 -0.0937407
70.0347 -4.50527 -0.11915
70.0536 -4.51393 -0.108908
70.0885 -4.4967 -0.0988509
70.0863 -4.48536 -0.0996246
70.1075 -4.49961 -0.131046
70.1278 -4.50366 -0.126296
70.1429 -4.49289 -0.118449
70.1584 -4.49453 -0.112898
70.1824 -4.50091 -0.111604
70.2118 -4.50547 -0.122099
70.2078 -4.49701 -0.113797
70.2431 -4.50024 -0.121316
70.2621 -4.4804 -0.125591
70.2486 -4.50707 -0.140642
70.2905 -4.50271 -0.115359
70.3153 -4.50789 -0.114287
70.3496 -4.48415 -0.134211
70.3517 -4.48867 -0.12372
70.3683 -4.50318 -0.107648
70.3649 -4.50433 -0.118234
70.394 -4.4847 -0.133377
70.4376 -4.49191 -0.121745
70.451 -4.49686 -0.105663
70.4665 -4.49112 -0.131062
70.4777 -4.49503 -0.121797
70.5071 -4.49534 -0.12422
70.5147 -4.51282 -0.123131
70.5585 -4.50773 -0.132316
70.5507 -4.5184 -0.10396
70.5689 -4.51012 -0.111865
70.6119 -4.5141 -0.13204
70.6162 -4.49586 -0.146704
70.6386 -4.50438 -0.137274
70.6314 -4.48679 -0.123514
70.6678 -4.50986 -0.134653
70.6809 -4.49591 -0.135705
70.6992 -4.49976 -0.138876
70.74 -4.50468 -0.123907
70.7298 -4.49563 -0.13052
70.7617 -4.49249 -0.130291
70.7811 -4.49875 -0.124664
70.7967 -4.4838 -0.123969
70.796 -4.49271 -0.13863
70.8363 -4.51279 -0.12439
70.8541 -4.50623 -0.140111
70.8783 -4.4872 -0.163975
70.8944 -4.48985 -0.143283
70.9151 -4.48722 -0.122937
70.9256 -4.48998 -0.140492
70.9367 -4.49288 -0.135048
70.9625 -4.49937 -0.14101
70.9828 -4.50193 -0.130789
70.9849 -4.50986 -0.14335
71.0147 -4.51413 -0.134618
71.0343 -4.49509 -0.135158
71.0606 -4.48864 -0.113453
71.0733 -4.50264 -0.15253
71.0706 -4.51117 -0.162168
71.1256 -4.4965 -0.135375
71.1494 -4.5048 -0.128328
71.1501 -4.4919 -0.139525
71.1735 -4.49315 -0.123399
71.1992 -4.50566 -0.149693
71.2039 -4.50302 -0.156794
71.2104 -4.4875 -0.151447
71.2304 -4.49325 -0.128573
71.2523 -4.51528 -0.121947
71.281 -4.48956 -0.15974
71.2941 -4.49773 -0.148728
71.3119 -4.50264 -0.145544
71.3247 -4.50111 -0.139483
71.3416 -4.49987 -0.166926
71.371 -4.51042 -0.161088
71.3918 -4.51685 -0.164128
71.4051 -4.49819 -0.147906
71.4192 -4.50247 -0.160838
71.4305 -4.51313 -0.153419
71.4765 -4.50595 -0.141753
71.4709 -4.50731 -0.161821
71.5071 -4.52254 -0.162922
71.5079 -4.49193 -0.160117
71.5547 -4.47488 -0.141415
71.5715 -4.5043 -0.139994
71.5898 -4.49347 -0.152268
71.5841 -4.51639 -0.157613
71.6212 -4.50182 -0.155469
71.6393 -4.47763 -0.151692
71.6569 -4.49877 -0.146603
71.6651 -4.48763 -0.170269
71.6984 -4.51129 -0.156631
71.6935 -4.51712 -0.140706
71.7418 -4.50226 -0.168976
71.7483 -4.49512 -0.168591
71.7563 -4.4806 -0.153975
71.7789 -4.51606 -0.16121
71.7796 -4.53485 -0.153195
71.8126 -4.51501 -0.165351
71.8459 -4.49943 -0.177086
71.8574 -4.49559 -0.179122
71.8705 -4.50504 -0.167238
71.8993 -4.48961 -0.157422
71.9108 -4.50529 -0.162771
71.9486 -4.49228 -0.162086
71.9567 -4.518 -0.161826
71.9651 -4.50345 -0.17184
71.9897 -4.51165 -0.185286
71.9863 -4.5101 -0.169491
72.0227 -4.50581 -0.184431
72.0439 -4.506 -0.166717
72.0638 -4.49749 -0.164577
72.0696 -4.51207 -0.175772
72.0854 -4.47933 -0.175608
72.1175 -4.50574 -0.198438
72.1258 -4.50604 -0.184674
72.136 -4.50491 -0.179113
72.1717 -4.49817 -0.180095
72.1923 -4.51312 -0.175174
72.2106 -4.50985 -0.164188
72.2372 -4.49863 -0.171369
72.2347 -4.49624 -0.181844
72.2685 -4.51429 -0.162142
72.2971 -4.50412 -0.178123
72.3007 -4.48755 -0.164307
72.3266 -4.50498 -0.171666
72.3287 -4.50751 -0.192383
72.3463 -4.50381 -0.169488
72.378 -4.50086 -0.203746
72.3932 -4.4977 -0.183625
72.4136 -4.50971 -0.194061
72.4198 -4.50945 -0.172117
72.4567 -4.49101 -0.197714
72.4609 -4.5076 -0.180764
72.5015 -4.5146 -0.199913
72.526 -4.48927 -0.178326
72.5165 -4.48285 -0.180405
72.5359 -4.51658 -0.183258
72.5546 -4.50771 -0.179381
72.5774 -4.4905 -0.165821
72.5948 -4.49676 -0.18013
72.6111 -4.50031 -0.207199
72.6295 -4.52041 -0.19311
72.6602 -4.50389 -0.194521
72.6798 -4.50299 -0.173772
72.6858 -4.51499 -0.189063
72.7291 -4.50946 -0.194043
72.7507 -4.50785 -0.174816
72.7623 -4.48871 -0.183621
72.7542 -4.47564 -0.174952
72.7868 -4.48182 -0.179444
72.8006 -4.4778 -0.194254
72.8178 -4.49662 -0.19072
72.8233 -4.51126 -0.17491
72.8496 -4.48613 -0.171152
72.8624 -4.50523 -0.200804
72.8867 -4.51997 -0.18765
72.8986 -4.49194 -0.196692
72.9344 -4.49213 -0.184611
72.9522 -4.49927 -0.19438
72.9748 -4.49798 -0.194323
72.979 -4.49789 -0.184105
72.9869 -4.4865 -0.212042
73.0266 -4.5012 -0.185083
73.048 -4.49851 -0.181779
73.0618 -4.50432 -0.176181
73.0743 -4.48687 -0.192807
73.0972 -4.5002 -0.191337
73.122 -4.50262 -0.200555
73.1382 -4.51777 -0.193987
73.1622 -4.49922 -0.20041
73.196 -4.49429 -0.199634
73.1984 -4.48981 -0.210262
73.1935 -4.49589 -0.212397
73.2198 -4.50447 -0.208232
73.2623 -4.50438 -0.209097
73.2678 -4.51017 -0.203405
73.2907 -4.49852 -0.212876
73.3114 -4.50044 -0.220305
73.3185 -4.50926 -0.214216
73.3409 -4.48998 -0.208818
73.3507 -4.51775 -0.191511
73.3727 -4.49483 -0.166065
73.3995 -4.49167 -0.222317
73.4132 -4.50302 -0.2089
73.4268 -4.51568 -0.205698
73.4635 -4.49267 -0.223868
73.4691 -4.50081 -0.209388
73.4812 -4.51171 -0.194326
73.4996 -4.50046 -0.214637
73.5233 -4.50179 -0.215854
73.557 -4.49995 -0.211828
73.5471 -4.50352 -0.206185
73.569 -4.49781 -0.196423
73.6086 -4.4912 -0.214797
73.6084 -4.48638 -0.206755
73.6187 -4.49264 -0.232233
73.6457 -4.49736 -0.213489
73.6789 -4.48636 -0.211015
73.708 -4.50476 -0.215566
73.7285 -4.51024 -0.208849
73.7244 -4.49955 -0.234856
73.7642 -4.49625 -0.235087
73.7636 -4.49225 -0.229108
73.7832 -4.51368 -0.217729
73.812 -4.50788 -0.224462
73.8204 -4.51104 -0.229257
73.8547 -4.50162 -0.201064
73.8512 -4.51289 -0.21098
73.8757 -4.49986 -0.218948
73.9019 -4.51303 -0.219989
73.906 -4.49582 -0.221206
73.9276 -4.49444 -0.210651
73.9551 -4.51213 -0.234219
73.9528 -4.49048 -0.22176
73.9758 -4.50183 -0.232947
74.0071 -4.48805 -0.231412
74.0277 -4.4826 -0.227872
74.0361 -4.50237 -0.204144
74.0529 -4.49122 -0.221526
74.0816 -4.50347 -0.218122
74.0889 -4.5079 -0.218044
74.1299 -4.49058 -0.242427
74.1273 -4.49749 -0.239705
74.1617 -4.51419 -0.222676
74.168 -4.50931 -0.218199
74.2025 -4.50116 -0.234761
74.2233 -4.49367 -0.208127
74.2253 -4.48363 -0.230858
74.249 -4.50948 -0.23815
74.2693 -4.50614 -0.234687
74.2749 -4.48477 -0.231687
74.3158 -4.47882 -0.232933
74.321 -4.49906 -0.223309
74.3392 -4.50859 -0.219608
74.3692 -4.48287 -0.232471
74.3916 -4.49665 -0.240563
74.3979 -4.48616 -0.22379
74.4141 -4.49897 -0.22351
74.4321 -4.5153 -0.228522
74.4627 -4.5113 -0.239674
74.469 -4.50942 -0.235436
74.4805 -4.51176 -0.23186
74.504 -4.50121 -0.237956
74.5384 -4.51276 -0.241884
74.5461 -4.50167 -0.227609
74.5702 -4.51231 -0.234302
74.6041 -4.5143 -0.218297
74.5946 -4.49381 -0.213559
74.6382 -4.50354 -0.24525
74.6464 -4.50359 -0.246744
74.6564 -4.51014 -0.226247
74.6799 -4.51552 -0.242747
74.7086 -4.49163 -0.256938
74.7129 -4.49056 -0.246584
74.7281 -4.4977 -0.23826
74.7511 -4.49445 -0.235924
74.7637 -4.50221 -0.256254
74.7858 -4.5145 -0.232513
74.8039 -4.50987 -0.241685
74.8204 -4.49825 -0.248786
74.8422 -4.50726 -0.24378
74.8665 -4.50338 -0.242531
74.8687 -4.51116 -0.253601
74.8961 -4.50376 -0.236787
74.9056 -4.49434 -0.256722
74.9361 -4.51172 -0.260341
74.9442 -4.49425 -0.239082
74.9772 -4.52321 -0.253478
75.0041 -4.48893 -0.235219
75.0083 -4.48466 -0.241694
75.0309 -4.52279 -0.256428
75.0499 -4.49969 -0.24511
75.0688 -4.49444 -0.22966
75.0677 -4.50083 -0.259086
75.1019 -4.51784 -0.248384
75.1299 -4.51275 -0.226283
75.1287 -4.50674 -0.256695
75.1591 -4.49027 -0.233081
75.1738 -4.49443 -0.258802
75.2016 -4.50636 -0.260356
75.2056 -4.49853 -0.268069
75.2311 -4.50115 -0.242769
75.2387 -4.48862 -0.25435
75.266 -4.49865 -0.250926
75.2721 -4.50115 -0.263843
75.3012 -4.50481 -0.250138
75.3239 -4.51573 -0.264702
75.3408 -4.51988 -0.250183
75.3586 -4.49903 -0.244555
75.3724 -4.51065 -0.248405
75.4075 -4.50821 -0.258831
75.3985 -4.5031 -0.263448
75.4359 -4.50708 -0.271471
75.4561 -4.51001 -0.275617
75.4733 -4.51227 -0.25858
75.4725 -4.49066 -0.25131
75.4952 -4.48692 -0.273431
75.5255 -4.52564 -0.248289
75.5427 -4.48548 -0.282147
75.5738 -4.49467 -0.261036
75.5847 -4.49754 -0.255854
75.6178 -4.49878 -0.258244
75.6156 -4.51118 -0.268057
75.6497 -4.50435 -0.260779
75.6586 -4.49286 -0.252176
75.6848 -4.4911 -0.272125
75.6973 -4.5006 -0.272925
75.7264 -4.52035 -0.261931
75.7292 -4.48964 -0.270233
75.7683 -4.50014 -0.249022
75.7764 -4.51655 -0.277694
75.7956 -4.49886 -0.278792
75.7954 -4.49803 -0.256097
75.8279 -4.49842 -0.264431
75.8414 -4.49732 -0.258289
75.8607 -4.51466 -0.274217
75.8768 -4.47651 -0.273987
75.9206 -4.4992 -0.281144
75.9138 -4.49594 -0.27121
75.9291 -4.5036 -0.264339
75.9555 -4.5067 -0.277358
75.9847 -4.5204 -0.259467
75.9868 -4.5055 -0.266304
76.0268 -4.51375 -0.2693
76.0252 -4.51553 -0.26984
76.0494 -4.49038 -0.271714
76.0702 -4.51164 -0.26917
76.0952 -4.5042 -0.29671
76.1043 -4.503 -0.270628
76.1253 -4.50444 -0.286051
76.1468 -4.51857 -0.284817
76.1581 -4.50123 -0.265284
76.187 -4.51402 -0.276549
76.2069 -4.51914 -0.284529
76.2081 -4.49922 -0.28078
76.2428 -4.49057 -0.280816
76.243 -4.49116 -0.285494
76.2505 -4.47963 -0.277362
76.2867 -4.49863 -0.275463
76.2929 -4.49434 -0.272249
76.3215 -4.49838 -0.285158
76.3264 -4.51301 -0.282729
76.3665 -4.50663 -0.285391
76.382 -4.50867 -0.283383
76.4089 -4.50882 -0.282941
76.427 -4.50744 -0.272898
76.4248 -4.48824 -0.289914
76.4745 -4.49307 -0.28558
76.4814 -4.49651 -0.274156
76.508 -4.50073 -0.297794
76.5011 -4.49154 -0.291245
76.5338 -4.49285 -0.275022
76.5658 -4.50429 -0.294698
76.5725 -4.49513 -0.292843
76.579 -4.49538 -0.29276
76.6041 -4.48785 -0.293602
76.6268 -4.50458 -0.316661
76.6411 -4.52107 -0.283781
76.674 -4.49235 -0.29187
76.6844 -4.49467 -0.286535
76.6998 -4.48941 -0.306385
76.731 -4.50317 -0.281558
76.7261 -4.50658 -0.298918
76.75 -4.50212 -0.297255
76.7778 -4.51657 -0.297929
76.7897 -4.49338 -0.289603
76.8084 -4.48494 -0.311379
76.8101 -4.5151 -0.296895
76.8457 -4.49801 -0.297334
76.868 -4.5095 -0.308982
76.8908 -4.50629 -0.295548
76.8923 -4.50151 -0.293113
76.928 -4.50171 -0.293172
76.9403 -4.5091 -0.293864
76.9506 -4.4968 -0.295859
76.9757 -4.50603 -0.307775
76.9943 -4.52461 -0.306262
77.0184 -4.49377 -0.314134
77.0435 -4.50384 -0.306269
77.0597 -4.5173 -0.310865
77.0643 -4.49484 -0.290854
77.0949 -4.49291 -0.302914
77.1254 -4.50058 -0.306169
77.1224 -4.49439 -0.306227
77.1461 -4.50686 -0.307398
77.159 -4.49497 -0.304226
77.1933 -4.50471 -0.291262
77.1919 -4.51552 -0.291806
77.2193 -4.49588 -0.290345
77.2326 -4.4999 -0.304522
77.2452 -4.49718 -0.315563
77.2623 -4.49514 -0.306298
77.2938 -4.50694 -0.320527
77.3183 -4.49441 -0.307548
77.336 -4.48883 -0.301752
77.3555 -4.51441 -0.299803
77.3747 -4.49885 -0.309344
77.3844 -4.50412 -0.314863
77.4007 -4.5021 -0.30361
77.4213 -4.5064 -0.297871
77.4354 -4.5124 -0.304105
77.4596 -4.50607 -0.305308
77.4623 -4.52555 -0.310292
77.4908 -4.50702 -0.308843
77.5202 -4.49471 -0.299836
77.5168 -4.50624 -0.317974
77.5403 -4.49958 -0.323945
77.5837 -4.48206 -0.318711
77.5714 -4.50126 -0.301484
77.6034 -4.50969 -0.291177
77.6471 -4.48385 -0.291558
77.6441 -4.50503 -0.311608
77.6699 -4.49665 -0.317879
77.691 -4.5064 -0.310127
77.7025 -4.5142 -0.330862
77.7324 -4.50756 -0.298543
77.7309 -4.50558 -0.307247
77.74 -4.50182 -0.308658
77.7749 -4.51549 -0.305708
77.7786 -4.50427 -0.326446
77.8028 -4.49599 -0.31523
77.817 -4.49517 -0.319281
77.8483 -4.50949 -0.310031
77.8558 -4.49112 -0.317278
77.8736 -4.50044 -0.317884
77.9016 -4.50598 -0.316068
77.9211 -4.50086 -0.336769
77.9279 -4.50187 -0.316008
77.9499 -4.49277 -0.326244
77.9739 -4.49144 -0.332085
77.9979 -4.48257 -0.314493
78.0158 -4.50132 -0.325589
78.0345 -4.5244 -0.326214
78.062 -4.51088 -0.317249
78.0728 -4.49235 -0.333333
78.0786 -4.48506 -0.346749
78.1203 -4.47987 -0.327806
78.1309 -4.48669 -0.315918
78.1369 -4.49754 -0.316032
78.1553 -4.50519 -0.34147
78.1861 -4.48662 -0.315592
78.19 -4.51479 -0.317966
78.2131 -4.49856 -0.3357
78.2494 -4.50626 -0.325844
78.2761 -4.49574 -0.318727
78.2932 -4.49866 -0.321765
78.3046 -4.50758 -0.328762
78.325 -4.49122 -0.320902
78.3401 -4.50004 -0.327493
78.364 -4.5004 -0.341027
78.3684 -4.50561 -0.338546
78.377 -4.5012 -0.339174
78.4151 -4.49636 -0.334627
78.4183 -4.50208 -0.343252
78.4457 -4.48714 -0.324908
78.4658 -4.50071 -0.353044
78.4816 -4.51527 -0.333548
78.523 -4.49975 -0.336084
78.5097 -4.49735 -0.336265
78.5444 -4.51065 -0.332126
78.5428 -4.50456 -0.332505
78.5797 -4.50868 -0.330815
78.5797 -4.48433 -0.339368
78.6255 -4.50874 -0.358881
78.6458 -4.48816 -0.349281
78.6416 -4.495 -0.333384
78.6623 -4.50646 -0.340474
78.6776 -4.49832 -0.337506
78.7134 -4.51768 -0.342449
78.7284 -4.49299 -0.340392
78.7317 -4.4992 -0.335976
78.7531 -4.5136 -0.328439
78.7785 -4.50672 -0.350899
78.8205 -4.49715 -0.352648
78.8309 -4.47427 -0.344896
78.8247 -4.49023 -0.345108
78.8527 -4.51445 -0.334686
78.8723 -4.48747 -0.347698
78.8851 -4.48023 -0.351816
78.9077 -4.51417 -0.351614
78.9264 -4.50571 -0.339011
78.9433 -4.52999 -0.339804
78.9514 -4.49674 -0.358907
78.9837 -4.51736 -0.32539
78.9934 -4.4972 -0.360843
79.0185 -4.49487 -0.359237
79.0546 -4.49693 -0.352571
79.054 -4.48176 -0.362624
79.0867 -4.49873 -0.353835
79.0821 -4.49628 -0.34788
79.1111 -4.50856 -0.354528
79.1336 -4.47846 -0.345577
79.1574 -4.49413 -0.344019
79.1713 -4.49772 -0.348896
79.1955 -4.49786 -0.34605
79.1911 -4.48589 -0.352141
79.2255 -4.50718 -0.349887
79.2351 -4.5119 -0.337326
79.2632 -4.48987 -0.349358
79.2908 -4.50684 -0.339683
79.3058 -4.49705 -0.350501
79.323 -4.50415 -0.350747
79.3347 -4.52029 -0.354559
79.3373 -4.49671 -0.347114
79.3657 -4.50733 -0.356848
79.3896 -4.48207 -0.366773
79.3938 -4.49884 -0.34168
79.4174 -4.49189 -0.347236
79.4552 -4.51589 -0.344395
79.4431 -4.49504 -0.344917
79.4864 -4.48969 -0.377178
79.4912 -4.48723 -0.346082
79.5106 -4.50788 -0.361606
79.5429 -4.49944 -0.343272
79.5722 -4.49111 -0.349309
79.5576 -4.49089 -0.350116
79.589 -4.48846 -0.349971
79.6092 -4.52018 -0.36891
79.612 -4.49932 -0.361011
79.6434 -4.49215 -0.356164
79.6721 -4.50153 -0.349673
79.6873 -4.5038 -0.360543
79.6996 -4.48797 -0.363135
79.72 -4.49498 -0.34822
79.7252 -4.50367 -0.374422
79.7667 -4.49057 -0.350085
79.7888 -4.4988 -0.349981
79.7982 -4.48936 -0.365619
79.8023 -4.49955 -0.374621
79.8482 -4.50764 -0.366896
79.8521 -4.48816 -0.353892
79.8726 -4.50324 -0.368013
79.8773 -4.49714 -0.373423
79.8979 -4.49098 -0.375384
79.9335 -4.50412 -0.37344
79.9489 -4.5096 -0.370375
79.9639 -4.50744 -0.369596
79.9861 -4.50107 -0.361182
80.0004 -4.51239 -0.364136
80.016 -4.509 -0.388765
80.0476 -4.51084 -0.355969
80.057 -4.48434 -0.37969
80.0787 -4.50457 -0.37339
80.0946 -4.49332 -0.357119
80.1148 -4.49223 -0.394995
80.1439 -4.50061 -0.376831
80.1303 -4.49447 -0.363447
80.1794 -4.49812 -0.37546
80.1876 -4.49244 -0.373255
80.2146 -4.49507 -0.375119
80.241 -4.5104 -0.374433
80.2361 -4.50175 -0.395531
80.26 -4.49954 -0.367304
80.2472 -4.4969 -0.366467
80.2985 -4.50733 -0.344543
80.3278 -4.50293 -0.386296
80.349 -4.50572 -0.385332
80.338 -4.4938 -0.371808
80.3653 -4.50975 -0.381886
80.3915 -4.50002 -0.373405
80.3949 -4.4911 -0.375826
80.4455 -4.50118 -0.383571
80.4472 -4.5033 -0.376116
80.4829 -4.49467 -0.370682
80.4931 -4.52197 -0.372551
80.5031 -4.49985 -0.362277
80.5148 -4.50432 -0.383973
80.5421 -4.49144 -0.370521
80.5435 -4.49966 -0.399556
80.5728 -4.51375 -0.385626
80.6054 -4.52336 -0.389288
80.6172 -4.49224 -0.37789
80.6366 -4.49748 -0.368967
80.6592 -4.49493 -0.391625
80.6936 -4.49761 -0.38257
80.6781 -4.50715 -0.403315
80.7093 -4.49187 -0.39878
80.734 -4.48923 -0.385768
80.7484 -4.5022 -0.382528
80.7676 -4.50305 -0.38264
80.7816 -4.49163 -0.376626
80.7913 -4.48863 -0.399643
80.811 -4.49071 -0.383031
80.8384 -4.5015 -0.390129
80.8489 -4.49671 -0.398906
80.8645 -4.49464 -0.377026
80.8964 -4.50234 -0.395325
80.9177 -4.50454 -0.390803
80.9255 -4.50687 -0.39199
80.9391 -4.50176 -0.377444
80.9787 -4.50846 -0.404227
80.9818 -4.49054 -0.40125
81.0029 -4.52324 -0.382776
81.0205 -4.51203 -0.386574
81.0431 -4.49474 -0.401133
81.0625 -4.5064 -0.394494
81.0632 -4.51482 -0.397013
81.0993 -4.50595 -0.397974
81.1175 -4.49638 -0.390511
81.1413 -4.49263 -0.396813
81.1546 -4.46971 -0.390044
81.1497 -4.50173 -0.403385
81.1899 -4.50826 -0.399555
81.2106 -4.502 -0.40583